96	64	320	64	5	1	1968374016.0	512001	13.522617254257202
192	64	128	64	4	1	520478784.0	131073	11.493352429072063
32	32	512	224	4	2	469819392.0	1835009	2.6316003227233886
96	32	352	480	2	1	736512480.0	675841	11.216288328170776
128	32	416	512	3	2	522023040.0	1916929	9.72995774269104
96	32	64	224	5	2	86159416.0	358401	3.870365112622579
224	64	128	288	2	1	624218400.0	147457	27.752446060180663
224	32	128	512	5	2	393748608.0	1638401	30.456143029530843
192	32	416	320	2	1	580219200.0	532481	20.042256158192952
32	64	64	96	2	2	26867808.0	24577	0.27038943896691003
192	32	288	384	2	2	127955328.0	442369	4.005105706055959
256	64	416	128	5	1	5117624832.0	1331201	68.20123199462891
128	64	96	448	2	2	187830720.0	172033	4.5303368242581685
192	64	192	96	4	2	302088192.0	294913	11.52520097732544
256	32	192	288	4	2	226566144.0	884737	11.532541653315226
160	64	192	32	5	1	590561408.0	153601	9.429691928227742
32	64	352	512	5	2	4471189632.0	4505601	25.277860260009767
128	32	480	256	4	1	1889648896.0	1966081	37.59705304463704
64	64	480	480	3	1	8495431680.0	2073601	29.885677782694497
224	64	288	416	4	1	7609938336.0	1916929	119.52668835957844
128	64	416	256	2	1	1800864000.0	425985	35.68206811269124
96	32	320	64	3	2	50198544.0	184321	0.859295574426651
160	32	32	480	4	1	236636640.0	245761	14.736762119928995
160	64	512	352	4	1	11446341984.0	2883585	121.10689453125
224	64	416	32	2	1	225108000.0	53249	9.76628126780192
96	64	416	32	5	1	1279406208.0	332801	11.662023989359538
256	32	288	64	2	2	21325888.0	73729	1.033755523165067
32	32	160	288	3	1	424968192.0	414721	2.829376650651296
32	64	416	288	4	2	1963229184.0	1916929	17.52320769627889
128	64	224	288	3	2	613571400.0	580609	37.629447848002116
96	64	192	160	2	1	519844000.0	122881	9.878045449256897
128	32	160	224	4	1	551291104.0	573441	15.846507523854573
224	32	256	224	2	2	66354400.0	229377	3.5762840541203818
160	32	192	320	4	2	251740160.0	983041	7.5529060538609825
32	64	160	224	2	2	156362976.0	143361	1.0355798425277074
192	64	160	192	4	1	1951604928.0	491521	32.468086071014405
96	64	288	352	2	2	441977184.0	405505	8.141950395901999
224	64	192	128	2	1	415875200.0	98305	14.643431078592936
256	32	320	32	2	2	11846688.0	40961	0.8444492789109548
96	32	512	480	4	2	1006755840.0	3932161	16.237825406392414
160	64	448	64	4	2	469827584.0	458753	12.412660601933798
64	32	448	64	5	2	172226576.0	716801	5.051612806320191
160	32	384	480	5	2	1107187320.0	4608001	53.29835660298665
224	32	384	512	3	1	1812463616.0	1769473	21.548486035664876
256	64	288	384	5	1	10629367296.0	2764801	125.77496299743652
32	64	64	192	2	2	53735616.0	49153	0.37433258672555286
192	32	512	224	4	2	469819392.0	1835009	18.18345335960388
32	64	352	64	2	1	380993600.0	90113	2.101750835975011
128	64	256	384	2	1	1662960000.0	393217	33.15301347732544
256	64	96	416	3	1	1473904640.0	359425	70.24491566975911
128	32	352	64	3	2	55216656.0	202753	1.2266438432534537
64	32	352	416	3	2	358908264.0	1317889	4.226601087252299
160	64	96	416	3	1	1473904640.0	359425	21.18949920654297
256	32	480	64	5	2	184527376.0	768001	20.268299338022867
256	64	224	224	3	1	1850605568.0	451585	34.90905684153239
192	64	416	384	4	2	2617638912.0	2555905	125.41550621032715
96	64	352	192	4	2	1107492864.0	1081345	30.131009953816733
64	64	416	64	5	2	660505104.0	665601	10.722132059733072
128	32	128	160	2	2	23721120.0	81921	0.6885920006036759
256	32	128	512	4	2	268566528.0	1048577	10.759337422053019
32	32	96	320	4	1	472658240.0	491521	2.8211332241694134
192	32	320	160	5	1	1152144000.0	1280001	11.401118609110513
64	64	320	320	5	2	2540477520.0	2560001	28.956505165100097
64	64	288	448	5	1	12400928512.0	3225601	37.96902765909831
224	32	96	288	2	1	120748320.0	110593	5.678943646748861
64	32	320	512	3	2	401588352.0	1474561	3.930577589670817
256	64	128	256	3	1	1209008128.0	294913	23.9070667775472
192	64	512	160	5	2	2032286760.0	2048001	72.22196044921876
192	64	352	192	5	1	6495560448.0	1689601	61.752988510131836
192	32	96	416	5	2	239965544.0	998401	17.656728763580322
128	64	320	128	3	2	389511200.0	368641	26.278579972585042
128	64	64	480	5	2	762524280.0	768001	23.767023334503175
32	64	160	192	5	2	762238512.0	768001	5.36633930683136
32	32	352	224	3	1	726892544.0	709633	4.180129897594452
256	32	480	320	3	1	1415905280.0	1382401	22.53652769724528
96	64	256	288	2	2	321472800.0	294913	6.033882023493449
224	64	416	64	2	1	450216000.0	106497	16.670130710601807
128	64	64	352	3	2	214528600.0	202753	17.995227788289387
160	64	160	32	2	1	86663200.0	20481	2.7530852286020915
64	64	32	32	4	2	16809984.0	16385	0.27605653365453087
64	64	480	480	4	2	3775365120.0	3686401	60.551576665242514
64	64	32	352	5	1	1083823488.0	281601	7.870103685061137
160	32	160	256	2	2	47423744.0	163841	1.2986851195494333
192	64	128	64	5	2	203276304.0	204801	10.943544111251832
160	32	416	416	2	1	754284960.0	692225	22.515377616882326
32	64	352	416	2	2	638310816.0	585729	4.097905293305715
192	32	288	160	3	1	424837120.0	414721	7.37169930934906
64	64	480	416	5	2	4953724776.0	4992001	53.158269805908205
64	32	96	352	3	1	311787520.0	304129	1.7043168020248414
64	64	448	192	3	1	3171680256.0	774145	15.125132706960043
160	64	256	448	4	1	7284924864.0	1835009	83.13308077494304
64	64	192	288	3	2	525961800.0	497665	16.952861172358194
160	32	160	96	3	2	37661976.0	138241	1.2270637865861256
32	32	192	512	4	1	1512014336.0	1572865	7.298962988853455
160	64	96	512	2	1	832832000.0	196609	21.540530713399253
96	64	512	448	3	2	2180978800.0	2064385	88.66332633972168
32	64	32	384	5	2	305200224.0	307201	3.8300782895088195
224	64	320	160	5	2	1270238760.0	1280001	54.86248074849447
192	64	64	224	2	2	62691552.0	57345	2.5464701008796693
128	64	384	160	4	2	1006796800.0	983041	36.8908609644572
128	64	128	448	2	2	250278336.0	229377	5.946912091573079
224	32	288	160	5	2	276806440.0	1152001	21.726733156840005
128	32	480	128	4	2	251691008.0	983041	5.1544219668706255
32	64	64	64	3	1	151257088.0	36865	1.3482957883675892
224	64	64	256	2	2	71647488.0	65537	2.784266769886017
224	32	448	352	2	2	182398304.0	630785	7.138827172915141
192	32	64	512	4	2	134348800.0	524289	4.065988363424937
128	64	224	384	2	1	1455292800.0	344065	29.064670956929525
64	64	384	192	5	1	7085998848.0	1843201	22.827633088429767
32	32	96	32	5	2	18458888.0	76801	0.3675690655906995
224	64	512	32	4	1	1040576544.0	262145	32.144757130940754
256	32	384	160	3	1	566394880.0	552961	12.573488651911418
224	32	192	320	3	1	566558720.0	552961	9.160839058558146
224	64	288	512	2	1	2494169600.0	589825	86.48858581542969
32	64	192	512	5	2	2439061632.0	2457601	14.879834690093993
192	64	32	384	3	2	117218400.0	110593	20.101485805511473
96	32	448	128	3	1	528613376.0	516097	3.5953862396876017
96	64	224	96	2	1	363823200.0	86017	6.814517345428467
128	64	128	352	4	2	738557952.0	720897	28.925956281026206
192	32	352	480	4	1	2598390240.0	2703361	81.11096237182618
32	32	448	32	5	1	322588800.0	358401	2.3661815452575685
192	32	288	96	5	1	622166400.0	691201	8.224610865910847
160	32	416	192	4	1	1228296384.0	1277953	37.42012465159098
64	32	320	32	4	2	41951232.0	163841	0.9252032015721003
64	64	288	256	3	1	2718957568.0	663553	10.920970236460368
192	32	320	192	5	2	369070128.0	1536001	23.90625342686971
160	64	512	192	4	1	6243459264.0	1572865	71.47333343505859
96	64	256	96	4	2	402751488.0	393217	7.967175882657369
128	64	512	160	4	1	5202882720.0	1310721	49.56699096679687
96	64	160	480	5	1	7382325120.0	1920001	37.31716176350911
96	32	192	320	3	2	150630480.0	552961	2.6124086419741315
64	64	352	384	5	2	3353392224.0	3379201	37.166165313720704
256	64	288	384	2	2	482156928.0	442369	19.76005491892497
64	32	160	32	4	1	78755872.0	81921	1.1094458675384522
128	32	288	288	2	2	95966496.0	331777	2.577313709259033
224	32	256	512	5	2	787374208.0	3276801	54.7602038192749
64	32	256	64	3	2	40162320.0	147457	0.48836128065983453
128	32	352	192	3	1	623050752.0	608257	6.012644356091817
192	64	128	288	2	2	160893216.0	147457	6.570393384297689
64	32	96	192	3	2	45215280.0	165889	0.6181592506170273
160	64	32	320	3	2	97682000.0	92161	14.318020995457967
128	32	224	480	3	2	263581560.0	967681	5.485611750284831
32	64	32	320	5	1	985294080.0	256001	4.034320115248362
64	32	256	288	2	1	321472800.0	294913	4.32691070954005
32	32	512	448	3	1	2114387968.0	2064385	12.091783383687337
256	32	384	32	4	1	188971040.0	196609	9.613505911827087
256	32	128	320	2	1	178770240.0	163841	8.564555621147155
128	32	352	320	4	1	1732260160.0	1802241	41.95570924123128
192	64	416	256	5	1	10235249664.0	2662401	90.72356811523437
128	64	192	128	2	2	107192448.0	98305	2.333317544857661
128	64	192	128	5	2	609765408.0	614401	16.771500396728516
128	32	64	288	3	1	170164224.0	165889	2.5031331197420754
32	32	320	480	5	1	3456432000.0	3840001	4.221947855949402
160	32	128	416	3	1	491159552.0	479233	6.387328419685364
192	32	320	256	4	1	1259847936.0	1310721	43.07231437683105
96	32	96	64	4	2	25182208.0	98305	0.4713020803531011
224	64	128	64	3	1	302252032.0	73729	13.5386834081014
128	32	448	256	2	1	499859712.0	458753	10.024472535451252
224	64	384	416	5	1	15352997504.0	3993601	151.86209996541342
256	32	128	416	5	2	319920744.0	1331201	28.82237419128418
192	32	256	128	2	1	142876800.0	131073	4.420792202949524
224	32	256	96	2	2	28437600.0	98305	1.4189962677160899
128	64	192	288	5	2	1371972168.0	1382401	33.092029355367025
256	64	416	32	5	2	330252552.0	332801	29.515526707967123
128	64	64	384	3	1	907542528.0	221185	11.97330423672994
160	32	96	64	3	1	56688640.0	55297	1.1967924280961355
160	32	224	96	3	2	52716312.0	193537	1.6862046964963278
192	32	416	128	2	1	232087680.0	212993	7.0440065320332845
96	32	320	416	2	2	154006944.0	532481	2.922846403916677
32	64	512	288	5	1	14171628672.0	3686401	21.898871269226074
224	32	224	256	4	2	234946560.0	917505	8.368754777908325
160	32	480	256	3	2	301156416.0	1105921	7.273615055084228
224	64	512	512	4	1	16649224704.0	4194305	237.51899541219075
160	64	96	384	4	1	2342535552.0	589825	35.69204124450684
128	64	160	288	3	1	1699872768.0	414721	18.156852149963377
256	64	448	448	4	1	12747284928.0	3211265	213.08483830769856
192	32	160	64	3	1	94437376.0	92161	2.003860588868459
32	32	320	160	5	2	307558440.0	1280001	4.000755942662557
160	32	128	288	5	2	221483592.0	921601	13.066660483678183
32	32	416	256	3	2	261011520.0	958465	1.3154053342342378
224	64	64	160	3	2	97513000.0	92161	15.43981899579366
224	64	384	64	5	1	2361999616.0	614401	34.90686955769857
128	32	448	352	4	1	2425071968.0	2523137	55.74068180084228
192	32	96	64	2	2	7120960.0	24577	0.3076109865307808
256	32	320	480	5	2	922675320.0	3840001	71.03978411356609
192	64	320	64	2	1	346382400.0	81921	11.13767015139262
224	32	32	160	2	2	5964960.0	20481	0.35550794611374537
64	32	416	448	3	2	456770160.0	1677313	4.989933562278748
128	64	96	320	5	1	2953422080.0	768001	23.84741299947103
192	32	448	32	3	2	35135496.0	129025	1.61998837351799
192	32	480	352	3	2	414090072.0	1520641	12.654195620218912
64	32	288	64	2	1	80359488.0	73729	0.9530467214186986
32	32	352	64	3	1	207683584.0	202753	0.7138247476021449
192	64	256	160	5	2	1016222760.0	1024001	38.26355879465739
160	64	480	512	4	1	15608775168.0	3932161	161.33335779825848
192	32	288	224	3	1	594771968.0	580609	7.861851304372152
32	32	128	384	2	1	214524288.0	196609	1.1908880039056142
224	32	192	512	2	2	113787392.0	393217	4.181891633669536
192	32	96	256	4	1	378126592.0	393217	16.96019277572632
160	64	256	224	4	2	939753472.0	917505	42.540687319437666
32	32	160	288	2	2	53351712.0	184321	0.4720583474636078
160	64	128	352	3	1	1662386176.0	405505	20.287443294525147
192	32	224	160	3	2	87860520.0	322561	3.220672961870829
224	64	192	96	3	2	175320600.0	165889	7.76526199499766
160	64	320	160	5	2	1270238760.0	1280001	39.30734867095947
96	64	512	256	2	2	571228416.0	524289	8.919025379816691
192	32	256	128	5	1	737395200.0	819201	7.791199371019999
256	32	96	256	2	2	28483840.0	98305	1.267003947496414
224	32	96	512	3	1	453509120.0	442369	7.968294933636983
160	64	288	128	3	2	350573600.0	331777	29.66093079884847
96	64	288	416	2	2	522336672.0	479233	9.472770148913066
128	32	512	480	2	1	1071053280.0	983041	22.40170066833496
160	32	224	64	5	2	86120976.0	358401	6.310232753753662
192	32	96	288	3	2	67822920.0	248833	2.5314769045511882
128	32	256	352	2	1	392911200.0	360449	8.534280637105306
96	64	128	512	4	1	4163830272.0	1048577	33.885161819458006
224	32	384	64	4	2	100679680.0	393217	3.9160063926378887
224	32	288	32	4	2	37756928.0	147457	1.9275639537970226
192	64	128	416	2	2	232401312.0	212993	8.808056642214456
128	32	256	256	2	1	285753600.0	262145	5.790540900230408
32	32	480	512	2	2	284246528.0	983041	1.6602078954378763
224	32	416	96	5	2	239888664.0	998401	20.358565788269043
128	64	32	512	3	2	156291200.0	147457	17.928642285664875
32	32	192	352	4	1	1039509856.0	1081345	5.6166308371225995
64	32	320	384	2	2	142160256.0	491521	1.6066783996423086
32	64	352	288	4	2	1661239296.0	1622017	15.081932051976521
256	32	128	288	3	2	90404424.0	331777	4.4728575936953225
32	32	512	160	4	1	1259755680.0	1310721	7.908484597206115
160	32	480	96	4	2	188768256.0	737281	6.242207174301147
64	64	96	96	3	1	340131840.0	82945	4.345038941701254
32	32	32	288	5	2	55422792.0	230401	1.3779148801167806
96	32	128	192	5	1	553132800.0	614401	3.026879141330719
256	32	32	32	4	2	4202496.0	16385	0.27628981351852416
192	64	288	448	5	1	12400928512.0	3225601	109.55876434326171
160	32	320	128	2	2	47386752.0	163841	1.377608639796575
32	64	96	384	4	2	604372992.0	589825	6.691367481549581
32	64	448	384	4	1	10926244224.0	2752513	25.32376895268758
160	32	192	416	5	2	479831144.0	1996801	25.34080562591553
256	32	352	192	4	2	276873216.0	1081345	11.825641069412232
96	32	384	352	2	2	156355936.0	540673	2.6828842600186666
128	32	480	480	5	1	5184432000.0	5760001	21.91697920481364
64	64	160	128	5	1	1968620032.0	512001	8.012554103533427
32	64	352	288	3	2	964009800.0	912385	15.072899316151936
192	32	416	416	2	1	754284960.0	692225	27.085584843953452
64	64	224	224	4	1	3187265760.0	802817	16.612196146647136
160	64	224	320	2	1	1212744000.0	286721	35.681035912831625
96	64	320	416	5	1	12794431104.0	3328001	56.88369953155517
96	64	192	448	5	1	8267859712.0	2150401	40.17535577138265
256	32	96	416	2	1	174414240.0	159745	8.718377195994059
256	32	320	416	4	1	2047252896.0	2129921	82.78809219360352
160	32	320	480	3	2	376489080.0	1382401	9.36835423151652
32	64	448	96	5	2	1066962456.0	1075201	8.05160339832306
192	64	192	352	4	2	1107656704.0	1081345	58.838961588541665
224	64	224	128	4	2	469893120.0	458753	33.48793647130331
128	32	384	224	2	1	374929632.0	344065	9.302825694084168
64	32	224	96	3	1	198279168.0	193537	1.2914363729953766
256	32	160	448	4	2	293715968.0	1146881	13.274931968053181
224	64	384	32	4	2	201359360.0	196609	9.294565432866415
32	32	192	32	4	1	94500896.0	98305	0.6970548244317373
64	64	64	416	3	1	983171072.0	239617	6.882478075027466
192	64	96	448	5	1	4134790912.0	1075201	48.59267884572347
256	64	448	64	2	2	124964928.0	114689	5.678911247253418
64	64	512	256	5	2	3251658816.0	3276801	36.431900316874184
160	32	224	288	2	1	281327904.0	258049	9.120609347025553
192	32	256	416	4	2	436314112.0	1703937	15.502907603581747
192	32	384	160	3	2	150586920.0	552961	5.459500695864359
160	64	64	320	5	1	1969358080.0	512001	23.67707466125488
32	32	512	416	4	2	872521728.0	3407873	5.355187098185222
160	64	416	512	2	1	3601728000.0	851969	88.98473518371583
256	64	384	512	4	2	3221749760.0	3145729	201.36636672973634
192	64	288	288	3	2	788790600.0	746497	69.97441637674967
160	64	160	128	3	2	194823200.0	184321	17.958252290089924
32	32	224	160	2	1	156293280.0	143361	1.0701231982310613
32	32	128	448	3	1	528941056.0	516097	3.0876442750295
32	64	288	384	5	2	2743753824.0	2764801	16.32689172108968
96	32	192	32	5	1	138268800.0	153601	2.4004897101720175
192	64	192	192	3	1	1359740928.0	331777	22.157472451527912
128	64	416	320	2	2	580219200.0	532481	14.035669549306233
64	64	512	480	2	1	4155372000.0	983041	43.31489051818848
128	32	384	128	5	1	1106035200.0	1228801	7.4131587187449135
256	64	448	352	5	1	15155938688.0	3942401	170.9596795654297
32	64	96	160	4	1	976056480.0	245761	3.5296958955128988
128	32	96	160	5	2	92294440.0	384001	5.081212476094564
32	32	192	256	3	2	120504384.0	442369	0.6237017595767975
128	64	384	128	5	2	1219403808.0	1228801	31.1700959332784
192	32	384	128	2	1	214245504.0	196609	6.537157209714254
192	64	288	128	5	1	3543122432.0	921601	37.46664595286052
224	32	320	128	5	2	246046752.0	1024001	19.818798185984292
256	32	352	224	2	2	91213024.0	315393	5.47725705464681
224	32	288	448	5	2	775058032.0	3225601	53.59489844004313
192	32	352	256	2	2	104243456.0	360449	3.255306877295176
192	32	224	96	2	2	24886368.0	86017	1.0893226671218872
192	32	352	512	3	1	1661468672.0	1622017	17.15921677907308
192	64	128	192	5	1	2362491648.0	614401	27.44429547627767
96	32	416	96	2	2	46193760.0	159745	1.1541534920533498
64	64	320	384	3	1	4531421184.0	1105921	16.739380308787027
32	64	448	224	5	2	2489579064.0	2508801	15.201867202123006
64	32	288	224	4	2	264298496.0	1032193	3.564397438367208
128	32	64	96	5	2	36925464.0	153601	2.5047105026245116
160	32	224	224	2	1	218810592.0	200705	6.819729820887248
128	64	64	224	2	1	243224800.0	57345	6.157074999809265
64	64	128	256	5	1	3149988864.0	819201	12.166057529449462
32	32	384	224	4	2	352378880.0	1376257	2.0555438764890037
160	64	352	64	5	2	558898704.0	563201	22.507015412648517
256	64	224	256	3	1	2114977792.0	516097	35.94275333404541
32	32	96	224	3	1	198410240.0	193537	1.180858561595281
224	64	256	64	3	2	155818000.0	147457	5.78310207049052
256	32	416	160	4	2	272670720.0	1064961	13.58714719772339
128	32	160	224	3	2	87877944.0	322561	2.276457278331121
256	64	160	160	4	2	419594240.0	409601	33.90552782058716
32	32	96	320	5	2	184588880.0	768001	2.6372745696703594
256	32	256	480	4	2	503439360.0	1966081	21.153959980010985
160	32	416	288	2	2	138581280.0	479233	4.630080658594768
64	32	128	32	5	1	92188800.0	102401	1.2089739771684012
96	32	512	448	5	2	1377797232.0	5734401	40.39485134124756
32	32	512	96	3	1	453083136.0	442369	1.3345442152023315
96	64	288	384	4	2	1812332544.0	1769473	45.9001478322347
128	64	64	384	5	2	610019424.0	614401	19.09833206176758
192	32	160	256	2	2	47423744.0	163841	1.5577548805872599
192	64	256	448	2	2	500068800.0	458753	17.374575815200807
96	64	224	384	4	1	5463884160.0	1376257	39.361786664326985
128	64	320	288	2	1	1558720800.0	368641	40.21603987375895
32	32	384	512	4	2	805437440.0	3145729	13.263600743611654
128	32	320	480	3	2	376489080.0	1382401	7.7652751795450845
256	32	320	160	4	2	209756160.0	819201	10.511444803873697
96	64	256	448	5	1	11023238912.0	2867201	50.519139506022135
224	32	416	96	2	1	174065760.0	159745	7.572701323827108
64	32	128	512	2	1	286032384.0	262145	2.989853538672129
192	64	416	64	3	1	981729280.0	239617	31.79852621714274
160	32	192	352	3	1	623214592.0	608257	6.730588928858439
64	32	96	416	4	1	614455712.0	638977	6.4778028647104895
160	64	256	32	2	2	35719200.0	32769	1.444287788470586
64	32	224	512	5	2	688967808.0	2867201	14.864517780939737
96	64	128	416	3	2	506628200.0	479233	25.162021090189615
192	32	64	64	2	1	17911872.0	16385	0.64812031964461
256	64	352	160	4	2	922910720.0	901121	67.404789352417
128	64	384	512	4	2	3221749760.0	3145729	102.115601755778
192	32	192	352	3	1	623214592.0	608257	8.089978558222453
128	32	384	352	5	1	3041596800.0	3379201	14.487343269983928
192	32	160	512	5	1	1843660800.0	2048001	14.513848292032877
160	64	320	224	4	1	4552855776.0	1146881	54.091172218322754
192	32	512	416	4	1	3275364768.0	3407873	116.24556688944499
128	64	448	96	5	2	1066962456.0	1075201	29.53311773300171
96	32	64	256	5	1	368870400.0	409601	2.5238378580411274
224	32	32	512	4	1	252412416.0	262145	21.485318915049234
192	32	480	320	5	2	922636880.0	3840001	53.97146931966146
192	64	96	128	4	1	780845184.0	196609	16.13143630027771
64	64	224	352	5	2	1956272472.0	1971201	23.184792855580646
96	32	224	288	2	1	281327904.0	258049	5.551950728098552
128	32	192	32	2	2	7111712.0	24577	0.29283722629149755
96	32	352	352	4	2	507600896.0	1982465	8.378284026781717
96	64	288	192	2	2	241078464.0	221185	4.916609287261963
224	64	416	384	4	1	10145907072.0	2555905	151.45087865193685
128	64	224	64	4	1	910647360.0	229377	12.573729159037272
160	32	384	288	2	2	127927584.0	442369	4.303819631735484
192	64	288	160	4	2	755138560.0	737281	42.63728448232015
256	64	256	128	5	1	3149496832.0	819201	45.07403860727946
256	64	384	448	3	2	1635852400.0	1548289	178.42249043782553
64	64	416	320	3	2	1265810000.0	1198081	36.711778462727864
160	64	256	256	3	2	623272000.0	589825	47.36446843465169
192	64	192	448	3	2	818162800.0	774145	73.5374988301595
160	64	224	512	2	1	1940390400.0	458753	48.598490142822264
128	32	224	288	3	1	594837504.0	580609	5.832102197011312
96	32	128	384	5	2	295311456.0	1228801	10.555577383041381
192	64	416	96	4	2	654409728.0	638977	25.01163074493408
32	64	128	320	3	1	1511260160.0	368641	3.9797226683298748
224	64	480	128	4	1	3902193792.0	983041	68.38317929585774
160	64	352	160	5	1	5412967040.0	1408001	44.610911191304524
224	64	96	128	5	2	304946208.0	307201	17.034968032836915
256	64	480	512	3	2	2336796800.0	2211841	246.39518880208334
160	64	512	192	5	2	2438744112.0	2457601	69.8435075632731
256	64	192	192	4	2	604176384.0	589825	45.81648778279622
192	64	416	384	3	2	1518972000.0	1437697	125.42009351094563
32	32	512	160	2	2	94745760.0	327681	0.7797159461180369
224	32	448	64	3	1	264306688.0	258049	5.680224752426147
256	32	64	480	4	2	125952000.0	491521	5.495174816449484
32	64	352	160	2	1	952484000.0	225281	6.065199564297994
256	64	288	288	5	2	2057815368.0	2073601	93.3425133005778
224	32	160	256	5	2	246077504.0	1024001	19.623002077738445
128	64	320	416	5	1	12794431104.0	3328001	75.11305330912272
64	32	128	64	4	1	126021696.0	131073	1.5118378682931264
128	32	352	256	3	1	830734336.0	811009	6.376250236829122
32	32	64	192	3	2	30160944.0	110593	0.2391588270664215
32	32	352	96	5	1	760406400.0	844801	1.7544308284918466
64	64	288	32	2	2	40179744.0	36865	0.7551707718769709
224	32	256	512	5	2	787374208.0	3276801	54.913802528381346
64	32	192	320	5	1	1382688000.0	1536001	3.8834820334116618
224	32	128	416	4	1	819141024.0	851969	36.381999740600584
64	64	480	288	5	2	3429501768.0	3456001	38.3003204981486
96	64	32	480	3	2	146523000.0	138241	12.578871472676594
32	32	224	352	5	1	1774396800.0	1971201	2.537895998160044
192	32	512	224	5	1	2580681600.0	2867201	20.730471051534018
160	32	192	288	5	1	1244419200.0	1382401	9.107252367337544
64	64	416	384	5	1	15352874496.0	3993601	44.94483528137207
256	64	128	416	5	1	5118731904.0	1331201	73.25686116536458
96	64	352	128	5	2	1117797408.0	1126401	21.962203877766928
256	32	192	480	4	1	1417513440.0	1474561	62.75147296905518
224	64	256	416	3	2	1012817000.0	958465	102.49790415445963
128	32	384	32	2	2	14214176.0	49153	0.5397169069449107
192	64	128	448	4	2	939982848.0	917505	53.313778432210285
128	64	96	96	4	2	151093248.0	147457	4.052508592605591
160	64	352	480	3	1	6230507520.0	1520641	57.72699049631755
224	64	32	416	5	1	1280882304.0	332801	31.879970932006835
224	64	192	64	2	2	53596224.0	49153	2.206067620515823
224	32	192	512	3	1	906493952.0	884737	12.53988694190979
96	32	160	192	5	2	184558128.0	768001	6.796544332504272
160	64	480	448	2	1	3636068800.0	860161	101.44680857340495
64	64	128	384	2	1	832291200.0	196609	8.53648695786794
224	32	224	256	4	1	881967360.0	917505	36.306354230244956
64	64	96	96	4	2	151093248.0	147457	2.0588939642906188
256	32	224	480	4	1	1653688800.0	1720321	69.15907109578451
256	64	448	320	2	2	624824640.0	573441	29.91995892206828
64	32	256	64	4	1	251981888.0	262145	2.884041913350423
96	64	224	352	3	2	749920600.0	709633	33.881898199717206
224	64	32	288	5	1	886764672.0	230401	22.237492243448894
96	64	256	224	5	1	5511619456.0	1433601	27.18863489786784
160	32	192	512	5	2	590561408.0	2457601	30.70733299891154
128	32	448	128	4	1	881844352.0	917505	26.459222710927328
128	64	320	512	5	2	4064764032.0	4096001	86.51033821105958
256	32	64	512	5	2	196935808.0	819201	21.396593971252443
192	64	32	416	5	2	330633576.0	332801	21.61568562189738
256	64	384	256	2	2	428491008.0	393217	17.565946216583253
256	64	448	512	5	2	5690466432.0	5734401	230.481687113444
224	64	96	320	2	2	134164800.0	122881	5.988468050956726
160	64	288	384	4	1	7024558464.0	1769473	79.7294989267985
32	32	128	224	4	2	117497856.0	458753	0.7318849084774653
96	32	320	224	3	2	175694904.0	645121	3.3658519482612608
160	64	512	96	3	1	1812332544.0	442369	41.72697430928548
32	64	480	448	5	2	5334780528.0	5376001	30.152727025349936
128	64	64	64	5	1	393871616.0	102401	5.007209496498108
224	64	352	352	4	1	7869796704.0	1982465	121.51825124104818
64	32	448	320	3	1	1321533440.0	1290241	4.831590061187744
96	64	352	448	4	2	2584150016.0	2523137	63.27958271026611
160	32	384	32	5	2	73812488.0	307201	7.190722041130066
256	64	448	64	3	1	1057226752.0	258049	45.47805772145589
64	64	448	288	3	2	1226838600.0	1161217	35.70640363057454
192	64	416	512	2	2	928350720.0	851969	28.310234146118162
128	32	480	384	5	2	1107164256.0	4608001	42.91892052968343
224	64	192	384	2	2	321577344.0	294913	11.725225483576457
64	64	160	512	3	2	779292800.0	737281	24.656369495391846
224	32	512	384	3	1	1812332544.0	1769473	21.393064613342286
64	32	320	32	5	2	61511688.0	256001	2.6356597399711608
256	64	448	64	3	1	1057226752.0	258049	45.44148648579915
128	64	256	192	2	2	214315200.0	196609	4.8964399822553
256	64	256	256	2	1	1108640000.0	262145	43.94432735443115
192	64	64	288	4	2	302284800.0	294913	21.901934865315756
160	32	448	64	5	2	172226576.0	716801	11.987022272745769
192	32	64	160	3	2	25134120.0	92161	0.9717105062802632
64	32	512	32	2	2	18949152.0	65537	0.4589192526539167
224	64	288	352	3	1	3738566656.0	912385	137.73193495432537
192	64	224	224	5	1	4822774656.0	1254401	48.103154538472495
32	64	320	416	5	2	3302620776.0	3328001	19.367713699340822
64	64	384	448	5	1	16533997312.0	4300801	48.42776766459147
192	64	352	288	2	2	441907488.0	405505	17.561497084299724
256	64	512	32	5	1	1574625408.0	409601	36.110491320292155
160	64	384	192	2	1	1246814400.0	294913	32.828972835540775
32	64	32	480	5	1	1477941120.0	384001	5.854555519421895
160	32	256	320	2	2	94792000.0	327681	2.9242479983965555
224	32	352	32	4	1	173226016.0	180225	7.701181766192119
192	64	416	480	2	2	870328800.0	798721	28.01857307434082
64	64	128	192	4	1	1561436352.0	393217	9.388690776824951
128	64	288	192	2	1	935313600.0	221185	19.884780883789062
32	64	416	64	2	1	450216000.0	106497	2.446511685848236
224	32	256	352	5	2	541319768.0	2252801	38.47153645833333
128	64	288	320	5	2	2286461520.0	2304001	51.42813410441081
32	64	64	224	5	2	355844664.0	358401	3.210144427617391
96	64	256	384	3	2	934908000.0	884737	41.35350434621175
128	64	448	64	4	2	469827584.0	458753	10.321078926722208
64	64	512	64	5	2	812914704.0	819201	13.071334511439005
256	64	256	288	5	2	1829200968.0	1843201	83.3938581085205
96	32	256	160	4	2	167813120.0	655361	3.308825709025065
64	32	352	512	3	2	441733248.0	1622017	4.321061665217082
192	64	256	288	4	1	4683165984.0	1179649	66.71207978566487
256	64	128	416	3	2	506628200.0	479233	66.36935518900553
256	64	352	480	4	2	2768732160.0	2703361	175.53366302490235
160	32	128	96	4	1	189032544.0	196609	5.925164914131164
32	32	384	96	4	2	151019520.0	589825	1.2378596250216167
192	32	256	512	3	2	321298560.0	1179649	9.150571409861247
128	64	480	288	5	2	3429501768.0	3456001	74.73947845458984
224	32	480	64	4	1	472412224.0	491521	17.196876281102497
32	32	128	512	5	1	1475020800.0	1638401	2.2807500831286114
32	32	160	288	4	2	188817408.0	737281	1.303060907125473
64	32	384	256	3	1	906231808.0	884737	3.5177465573946636
128	64	448	480	4	2	3523706880.0	3440641	110.81016937255859
128	32	512	192	2	2	113694912.0	393217	3.4721209597587586
224	32	448	96	4	2	176185344.0	688129	8.150833288828531
128	64	160	480	5	1	7382325120.0	1920001	49.45609188079834
64	32	64	448	2	2	33274304.0	114689	0.4717669342954954
128	64	96	480	5	1	4430133120.0	1152001	34.985069338480635
96	64	64	128	2	1	138985600.0	32769	2.3710301713148754
224	32	448	192	3	2	210812976.0	774145	7.541362452507019
32	32	96	128	4	2	50364416.0	196609	1.2285642687479654
64	32	160	416	5	1	1497974400.0	1664001	4.3503531678517655
96	32	256	384	2	1	428630400.0	393217	6.525358510017395
224	64	160	224	2	2	156362976.0	143361	9.262240114212036
128	32	192	352	4	1	1039509856.0	1081345	27.357049312591553
64	64	480	288	4	1	8779936032.0	2211841	39.45762822469076
96	32	192	352	2	2	78228832.0	270337	1.3819616067409515
256	32	64	224	5	1	322761600.0	358401	6.168052277565002
256	64	288	352	5	2	2515107672.0	2534401	110.682111231486
64	32	32	448	4	1	220860864.0	229377	3.8819668292999268
64	32	128	96	2	2	14232672.0	49153	0.2757348270217578
192	64	128	384	2	2	214524288.0	196609	6.843475948969523
224	64	512	128	2	2	285614208.0	262145	10.297068246205647
256	32	32	192	5	1	138412800.0	153601	4.3037456051508585
224	32	352	128	4	1	692904064.0	720897	31.094940439860025
64	64	64	160	4	2	167936000.0	163841	4.490904199282328
192	64	32	160	5	1	492647040.0	128001	11.059209384918212
32	32	288	320	2	1	401797440.0	368641	2.495192313194275
128	64	32	352	3	2	107450200.0	101377	12.573982302347819
128	32	512	64	3	1	302055424.0	294913	3.634611619313558
128	64	480	288	5	2	3429501768.0	3456001	74.52405059814453
256	32	512	512	4	1	4031218176.0	4194305	157.32960057576497
128	32	512	416	4	1	3275364768.0	3407873	73.83720967610677
32	64	480	192	2	2	401658048.0	368641	2.412714131673177
96	64	64	352	3	2	214528600.0	202753	13.458614282608032
256	32	160	352	5	2	338356568.0	1408001	29.44814089457194
256	64	320	320	3	1	3776184320.0	921601	173.12465843200684
192	64	160	224	2	1	606642400.0	143361	22.8689435005188
256	64	288	256	4	1	4683038976.0	1179649	88.12343490600585
160	32	384	352	5	2	811937368.0	3379201	40.121152292887366
96	32	320	224	3	2	175694904.0	645121	3.343231570720673
192	32	128	384	5	2	295311456.0	1228801	20.295879376729328
128	64	256	384	4	1	6244221312.0	1572865	57.98246556599935
160	32	256	352	5	2	541319768.0	2252801	27.853590660095215
160	32	416	32	4	1	204716064.0	212993	6.839057933489482
32	64	320	160	2	1	865956000.0	204801	5.476213981310527
192	64	160	96	2	1	259989600.0	61441	9.809621254603067
32	32	224	160	2	2	41477280.0	143361	0.3831596806645393
160	32	32	96	5	2	18474264.0	76801	2.054474023183187
128	32	352	32	4	2	46145536.0	180225	1.313757332166036
32	64	416	160	2	2	290109600.0	266241	2.039091200431188
224	64	512	64	4	2	536936448.0	524289	19.911898403167726
256	64	320	352	5	2	2794525272.0	2816001	120.84651830037434
192	32	512	128	4	2	268468224.0	1048577	8.219129236539205
192	64	480	64	4	1	1951096896.0	491521	36.59562793731689
160	32	480	448	5	2	1291691632.0	5376001	61.60580750783284
96	32	352	128	2	2	52121728.0	180225	0.9671536010503768
256	32	160	64	5	1	230457600.0	256001	5.215348695119222
32	64	160	384	4	2	1007026176.0	983041	9.841690359115601
64	64	288	384	4	1	7024558464.0	1769473	32.77424297332764
32	32	512	480	2	2	284237280.0	983041	1.7403949876626332
128	32	320	256	3	1	755236864.0	737281	5.943914238611857
160	64	192	256	2	1	831750400.0	196609	20.945416933695476
64	32	320	96	5	2	184535064.0	768001	4.890390288035075
96	32	448	320	3	2	351354960.0	1290241	6.056145677566528
32	64	256	384	3	1	3625451520.0	884737	7.003808217048645
224	32	224	128	2	1	125034624.0	114689	4.512031141916911
32	64	320	416	5	2	3302620776.0	3328001	19.273086846669514
224	32	96	352	3	2	82894680.0	304129	3.0261133909225464
224	32	192	256	2	2	56893696.0	196609	2.123413550059001
96	64	448	64	3	2	272630800.0	258049	4.522700899442037
64	32	448	192	4	1	1322766528.0	1376257	11.654159599939982
128	32	224	384	2	1	375103872.0	344065	7.592370338439942
256	32	480	448	3	2	527023728.0	1935361	22.41466239929199
192	64	256	448	3	2	1090726000.0	1032193	93.52126640319824
192	32	64	288	5	2	110776392.0	460801	9.6458483060201
160	64	224	256	4	2	939786240.0	917505	42.32591075897217
192	64	512	128	4	2	1073872896.0	1048577	60.66272538503011
192	64	256	384	2	1	1662960000.0	393217	49.61839371999105
64	64	352	288	3	1	3738304512.0	912385	16.966468664805095
64	64	416	320	3	2	1265810000.0	1198081	36.614273166656496
128	64	256	224	4	2	939753472.0	917505	34.32861803054809
64	64	64	288	5	1	1772422272.0	460801	8.796854089101156
64	64	160	320	4	2	839188480.0	819201	16.062188351949057
32	64	288	160	2	1	779428000.0	184321	4.9357458035151165
192	64	192	224	4	2	704872448.0	688129	39.430928268432616
224	64	288	192	4	1	3512279232.0	884737	60.73170330047608
256	32	32	480	5	1	346032000.0	384001	9.501555814743043
224	32	288	64	2	2	21325888.0	73729	0.9334513060251872
32	32	128	64	5	1	184377600.0	204801	0.6337896519899369
32	32	256	352	5	2	541319768.0	2252801	6.486042025883992
160	64	64	224	5	1	1378550656.0	358401	17.191119289398195
64	32	256	480	2	1	535788000.0	491521	5.7871724891662595
224	32	32	160	5	2	30790440.0	128001	4.516391565004985
224	64	160	320	4	2	839188480.0	819201	54.395032170613604
160	32	384	224	3	2	210821688.0	774145	6.654363280932109
256	32	288	32	2	1	40179744.0	36865	2.06068630139033
128	64	64	160	4	2	167936000.0	163841	8.808786449432374
256	32	384	256	5	2	590499904.0	2457601	47.59827713012695
128	32	384	352	5	1	3041596800.0	3379201	14.49210879643758
224	32	416	320	2	2	153979200.0	532481	6.578549625078837
224	32	416	96	5	1	898646400.0	998401	13.272345190048219
160	32	352	416	5	2	879607144.0	3660801	42.974478772481284
128	32	448	480	3	2	527032440.0	1935361	10.83739704767863
32	64	416	416	3	2	1645553000.0	1557505	24.38879681269328
96	32	224	64	3	1	132186112.0	129025	1.3492333845297495
64	64	320	96	2	2	133920864.0	122881	2.226953388849894
32	32	128	448	5	2	344530032.0	1433601	4.582839269638061
256	64	288	512	4	1	9366077952.0	2359297	165.4240716044108
192	64	192	416	3	2	759722600.0	718849	68.67670717875163
128	64	224	288	5	2	1600586568.0	1612801	37.917605272928874
224	32	448	96	5	1	967766400.0	1075201	14.28374935468038
224	32	320	160	2	2	59233440.0	204801	2.8222596152623494
96	64	32	96	2	1	52322400.0	12289	1.1210418152809143
192	32	352	384	2	2	156365184.0	540673	4.940756597518921
128	32	384	224	4	2	352378880.0	1376257	9.38708020846049
64	32	128	352	2	2	52186464.0	180225	0.6713772801558177
64	64	352	192	2	1	1142980800.0	270337	12.222632417678833
32	64	448	64	3	2	272630800.0	258049	1.5474753069877625
192	64	192	480	3	1	3399352320.0	829441	42.52589585622152
192	32	448	64	5	1	645177600.0	716801	9.650516586303711
64	32	480	128	5	2	369054752.0	1536001	8.862582532564799
256	64	96	192	4	1	1171267776.0	294913	30.24016778945923
192	32	384	160	5	1	1382544000.0	1536001	13.434805218378703
64	32	192	288	5	2	332190792.0	1382401	7.758159877459208
256	32	384	160	4	2	251699200.0	983041	12.649207916259765
64	32	192	288	4	1	850508064.0	884737	7.932667945226034
32	32	352	224	2	1	343705824.0	315393	2.1121284103393556
32	64	224	96	3	2	204523800.0	193537	1.411230294307073
224	32	480	32	5	1	345628800.0	384001	12.49501215616862
160	32	128	352	5	2	270702168.0	1126401	15.609602343241374
256	64	192	320	3	2	584402000.0	552961	71.56137049357096
192	64	320	32	3	2	97377800.0	92161	3.916269010702769
64	32	480	416	5	2	1199427944.0	4992001	24.41431723912557
160	64	288	128	5	1	3543122432.0	921601	31.26479279836019
160	64	416	384	5	2	3963030624.0	3993601	105.0465047454834
64	64	416	320	2	1	2251080000.0	532481	26.381905581156413
192	64	320	64	4	2	335609856.0	327681	10.82539168993632
160	64	512	224	5	2	2845201464.0	2867201	79.42078417460124
160	64	256	160	5	2	1016222760.0	1024001	32.39564895629883
128	32	96	224	2	2	24923360.0	86017	0.6949577593803405
128	32	288	192	4	2	226541568.0	884737	5.027000117301941
64	32	64	352	2	2	26144096.0	90113	0.37810581425825757
192	32	352	352	5	2	744282968.0	3097601	44.28039788564046
64	32	256	288	4	2	302063616.0	1179649	4.028007571697235
224	64	352	32	3	1	415367168.0	101377	22.112562828063965
96	64	224	512	5	1	11023484928.0	2867201	51.204384854634604
256	32	32	64	4	2	8404992.0	32769	0.42483178655306497
224	32	416	480	4	2	818012160.0	3194881	30.164135519663493
96	32	192	384	3	1	679870464.0	663553	4.241985705693563
160	64	480	32	3	1	566362112.0	138241	21.833131154378254
32	64	128	352	3	2	428685400.0	405505	7.723239045143128
192	64	128	192	2	2	107262144.0	98305	3.7806407523155214
256	32	256	448	4	2	469876736.0	1835009	21.045378748575846
32	64	160	480	2	1	1299948000.0	307201	7.160234014193217
96	32	448	352	3	1	1453686784.0	1419265	8.19486260732015
32	32	480	288	5	1	3110659200.0	3456001	4.101136656602224
224	64	160	480	2	2	335063520.0	307201	13.254117234547932
32	32	192	96	2	2	21335136.0	73729	0.22900469327966372
128	32	192	96	3	2	45189144.0	165889	1.1732985627651216
160	32	416	512	2	1	928350720.0	851969	23.08446013768514
192	64	480	480	3	2	2190747000.0	2073601	174.74947372436523
96	64	160	352	4	1	3577942368.0	901121	28.31357405980428
64	32	288	32	3	2	22590216.0	82945	0.5284660249948502
128	32	352	416	2	1	638310816.0	585729	15.447982199986775
256	64	64	320	3	2	195026000.0	184321	32.367534465789795
64	32	384	160	2	2	71070880.0	245761	1.0489597855011623
96	64	128	192	5	2	609828912.0	614401	12.81608276049296
96	64	448	320	5	1	13778126080.0	3584001	60.21630435943604
224	32	352	160	3	1	519208960.0	506881	10.347620805104574
64	32	256	384	5	2	590530656.0	2457601	12.817787027359008
96	32	288	64	4	1	283471936.0	294913	4.615239562988282
64	64	288	64	4	2	302055424.0	294913	3.438258996009827
224	32	32	192	3	2	15106608.0	55297	0.6060393609603246
160	64	128	160	5	1	1968743040.0	512001	19.789458103179932
192	64	128	224	3	1	1057882112.0	258049	17.05625163078308
224	64	416	384	2	2	696263040.0	638977	24.808180821736652
192	64	384	32	2	2	53561376.0	49153	2.6194158935546876
192	64	384	32	3	1	453115904.0	110593	20.698536790211996
96	64	320	96	3	2	292133400.0	276481	5.751520524024963
96	32	384	96	3	1	339836928.0	331777	3.008565447330475
160	32	448	96	2	2	49744992.0	172033	1.8145964813232422
256	32	192	384	4	1	1134010752.0	1179649	51.252872187296546
96	32	384	512	4	1	3023536640.0	3145729	35.347531204223635
224	32	96	288	5	1	622339200.0	691201	8.073240211804707
96	64	32	352	2	1	191848800.0	45057	3.6149485810597737
160	32	512	320	2	2	189491520.0	655361	5.828481070200602
32	64	160	288	5	2	1143357768.0	1152001	7.665731951395671
64	64	96	320	4	1	1952112960.0	491521	12.334355834325155
64	64	480	128	3	1	2265448448.0	552961	10.38027083714803
192	32	512	160	4	1	1259755680.0	1310721	45.01176884969075
32	64	160	96	5	1	1476465024.0	384001	3.545650135676066
160	32	448	192	3	1	792920064.0	774145	9.313283014297486
192	32	352	480	5	2	1014931320.0	4224001	58.867397435506184
256	64	512	416	5	1	20470130304.0	5324801	223.12546193440755
160	64	480	32	4	2	251691008.0	245761	8.429941455523172
192	32	512	384	3	1	1812332544.0	1769473	18.4985875193278
192	64	320	256	2	1	1385529600.0	327681	41.42404527028402
192	32	96	352	5	2	203047768.0	844801	14.985331303278604
128	32	320	320	2	2	118466880.0	409601	2.9281722791989644
32	64	64	96	2	2	26867808.0	24577	0.2846078926324844
256	32	256	160	2	1	178596000.0	163841	9.084807775815328
128	64	256	224	3	2	545363000.0	516097	34.10513585408528
64	32	224	192	4	2	176209920.0	688129	2.375659190018972
224	32	96	512	3	2	120574080.0	442369	4.0868889443079635
256	32	192	416	4	1	1228511648.0	1277953	54.716002464294434
32	32	320	320	4	2	419512320.0	1638401	2.555194987456004
96	64	32	32	3	1	37879808.0	9217	0.762139091094335
128	32	320	320	4	1	1574809920.0	1638401	38.31741268157959
32	32	416	480	2	2	230968800.0	798721	1.428823688030243
160	64	480	288	5	2	3429501768.0	3456001	93.41487149556478
192	64	448	96	3	2	408946200.0	387073	15.320965735117595
64	32	64	256	3	1	151257088.0	147457	1.026297812263171
96	32	512	256	5	2	787312704.0	3276801	24.20098550160726
224	64	448	32	5	1	1377812608.0	358401	28.431856320699055
256	32	256	128	4	2	134250496.0	524289	5.446631053288778
256	32	320	32	5	2	61511688.0	256001	9.535908342997233
32	32	480	480	2	1	1004145120.0	921601	5.562112436294556
64	64	512	480	2	1	4155372000.0	983041	43.38993012746175
224	32	160	512	5	2	492155008.0	2048001	36.87668601989746
192	64	256	64	3	2	155818000.0	147457	5.018161503473918
160	64	192	160	5	2	762206760.0	768001	25.139255663553875
64	32	416	224	2	2	107785440.0	372737	1.712128316561381
224	32	288	416	2	2	138618272.0	479233	6.067050900459289
256	32	256	192	3	2	120486960.0	442369	5.011032005945841
256	32	288	224	3	2	158131512.0	580609	7.943704023361206
160	32	480	256	3	1	1132724224.0	1105921	10.529651301701863
128	64	160	256	4	2	671350784.0	655361	25.787807687123617
224	32	320	320	3	1	944046080.0	921601	13.894710601170857
256	32	160	480	4	1	1181338080.0	1228801	54.599027926127114
96	32	416	512	2	2	246366720.0	851969	3.8847115723292034
32	32	192	192	3	1	339935232.0	331777	1.9026211178302765
192	32	384	320	2	1	535613760.0	491521	18.877167301177977
160	32	384	224	3	2	210821688.0	774145	6.725694816907247
256	32	160	352	4	1	866314592.0	901121	41.532185821533204
96	32	32	64	5	1	46137600.0	51201	0.7949706667661667
256	64	512	32	5	2	406457352.0	409601	35.678277333577476
32	32	128	416	3	2	130584168.0	479233	0.8048642124732336
128	32	128	352	3	2	110494296.0	405505	2.3555085921287535
160	64	128	128	4	1	1040957568.0	262145	16.485901940663656
256	64	448	128	5	2	1422616608.0	1433601	71.31612612406413
128	32	192	96	4	2	75522048.0	294913	2.0354507736365
64	64	480	192	4	1	5853290688.0	1474561	27.95170914967855
224	64	96	320	2	2	134164800.0	122881	5.918802579243978
256	64	192	256	3	1	1812987904.0	442369	31.819179871877033
160	64	192	256	5	2	1219530816.0	1228801	37.09107157389323
32	64	480	512	4	1	15608775168.0	3932161	35.00050636291504
96	64	480	192	4	1	5853290688.0	1474561	41.2645543162028
32	64	448	32	3	1	528613376.0	129025	4.80450378259023
192	64	256	288	3	1	2719088640.0	663553	39.21684919993083
96	32	512	224	3	2	281075256.0	1032193	5.4313826084136965
64	32	480	448	2	2	248715712.0	860161	3.0095135951042176
96	64	352	224	5	1	7578153856.0	1971201	35.821894874572756
192	64	448	512	3	1	8457814016.0	2064385	247.31036412556966
192	64	384	224	2	2	374929632.0	344065	17.839832312266033
64	64	384	512	4	2	3221749760.0	3145729	52.533649889628094
32	64	192	32	3	2	58440200.0	55297	0.44963541318972905
128	32	256	480	2	1	535788000.0	491521	11.426546217600505
256	64	256	416	4	1	6764573088.0	1703937	123.27850962320963
32	32	320	64	3	1	188809216.0	184321	0.6587945588429769
64	32	160	512	3	2	200863872.0	737281	1.9887763265768688
32	64	32	32	2	2	4495392.0	4097	0.10593365284303824
192	32	480	288	2	2	159888672.0	552961	6.587611935933431
128	64	320	352	2	1	1905103200.0	450561	40.966682319641116
192	32	288	256	3	2	180721728.0	663553	5.303410137494405
192	64	256	96	4	2	402751488.0	393217	15.438795003890991
256	32	160	352	2	2	65207648.0	225281	3.0333904075622558
32	32	288	160	2	1	200898720.0	184321	1.3630617614587148
32	32	32	64	2	1	8990784.0	8193	0.1269137066602707
32	64	256	64	2	1	277160000.0	65537	1.537039683262507
64	64	288	128	2	1	623542400.0	147457	6.8077034648259485
256	32	384	128	3	2	120469536.0	442369	4.667280519008637
256	64	320	320	4	2	1678049280.0	1638401	110.79643244425456
224	64	416	320	5	2	3302525520.0	3328001	124.10418863932291
224	64	192	384	4	1	4683547008.0	1179649	80.07448384602864
224	32	160	64	5	2	61519376.0	256001	6.6100419330596925
224	64	448	480	4	2	3523706880.0	3440641	190.93752955118816
32	64	352	128	5	1	4330373632.0	1126401	8.149135376612346
160	32	416	32	3	1	122716160.0	119809	3.4556821338335673
224	64	416	192	2	2	348131520.0	319489	13.800348393122356
32	64	128	416	4	2	872841216.0	851969	8.976309671401978
224	64	96	192	5	1	1772053248.0	460801	26.351837641398113
256	32	256	288	4	2	302063616.0	1179649	15.486912186940511
160	64	384	384	2	1	2493628800.0	589825	61.68816378275553
32	32	256	32	5	2	49210888.0	204801	0.8516594103972117
192	32	224	288	3	2	158148936.0	580609	5.894917330741882
64	64	448	192	4	1	5463122112.0	1376257	26.247587451934816
256	64	352	320	3	2	1071122000.0	1013761	121.03194730122884
96	64	352	128	4	1	2861744256.0	720897	22.832017669677736
96	64	320	224	3	1	2643329024.0	645121	17.617385896046958
224	64	192	384	4	1	4683547008.0	1179649	79.95782923380534
192	64	32	480	3	2	146523000.0	138241	24.78709482828776
224	64	480	128	5	2	1524223008.0	1536001	67.00403867085775
160	32	96	160	2	2	17802400.0	61441	0.6505307735999425
32	64	512	64	2	1	554049600.0	131073	3.065330141385396
32	64	256	32	3	2	77909000.0	73729	0.5928020260731379
64	64	352	416	3	1	5399773184.0	1317889	22.09486656188965
192	64	64	96	5	2	152504856.0	153601	8.866955070495605
96	64	32	96	3	2	29304600.0	27649	0.6515534957249959
96	64	416	384	2	1	2701296000.0	638977	40.140170644124346
32	64	416	416	4	1	10991399328.0	2768897	25.40806878407796
128	64	480	160	3	2	730249000.0	691201	45.54390655517578
64	64	320	288	3	1	3398565888.0	829441	15.805585940678915
32	32	256	384	5	2	590530656.0	2457601	7.091148587862651
128	64	512	224	4	2	1879277568.0	1835009	63.75320892333984
256	64	96	352	5	2	838602072.0	844801	45.966424573262536
32	32	192	448	4	2	352436224.0	1376257	2.0814746685822807
256	32	512	480	3	2	602304120.0	2211841	24.166673234303794
224	32	256	64	2	1	71438400.0	65537	2.753338765303294
192	32	64	448	2	1	125383104.0	114689	4.509574809869131
192	64	448	288	2	1	2181722400.0	516097	84.0233401743571
32	64	128	384	4	2	805699584.0	786433	8.33389621893565
128	32	352	352	4	2	507600896.0	1982465	11.197082325617473
256	64	384	224	3	2	817926200.0	774145	96.84503061930339
256	64	512	384	2	1	3324297600.0	786433	130.98713231404622
160	32	448	192	5	2	516679728.0	2150401	27.317809289296466
224	32	64	416	4	1	409770400.0	425985	23.904434032440186
64	64	224	384	5	1	8267613696.0	2150401	26.772052733103433
192	32	288	224	5	1	1451721600.0	1612801	12.743781356811523
32	64	384	352	5	2	3353360472.0	3379201	19.710735912323
256	32	384	512	4	1	3023536640.0	3145729	118.00215682983398
192	32	320	192	3	1	566427648.0	552961	8.454938556353252
128	64	32	352	2	2	49449312.0	45057	1.3041727979977926
160	64	448	352	5	1	15155938688.0	3942401	107.56509460449219
128	32	448	320	2	2	165816640.0	573441	4.040511037508646
256	32	64	384	5	1	553305600.0	614401	9.345446186065674
160	32	384	256	2	2	113713408.0	393217	3.0266495911280313
96	32	160	384	5	1	1382745600.0	1536001	5.857034363746643
160	64	288	32	4	2	151027712.0	147457	5.086168096860249
64	32	224	448	2	1	437621184.0	401409	5.075712742805481
32	32	288	416	5	1	2696054400.0	2995201	3.4926037335395814
32	64	480	288	5	1	13285971072.0	3456001	20.718863646189373
192	64	416	96	4	1	2536476768.0	638977	41.98835741678874
256	64	288	352	5	2	2515107672.0	2534401	110.5485095469157
64	32	384	96	2	1	160684128.0	147457	2.0894358321030935
192	32	96	224	2	2	24923360.0	86017	1.026165012717247
160	64	64	288	3	2	175523400.0	165889	18.382583904266358
256	64	384	384	4	2	2416312320.0	2359297	154.24015686035156
96	64	192	32	4	2	100696064.0	98305	2.0845737516880036
128	32	288	256	5	1	1659110400.0	1843201	8.882196281750996
224	32	32	64	4	1	31551552.0	32769	1.2272006436189016
256	32	128	128	5	1	368755200.0	409601	6.137971636454265
160	64	224	480	5	1	10334517120.0	2688001	79.56158047993978
128	64	224	448	2	2	437621184.0	401409	10.2820339012146
160	32	256	224	3	2	140568120.0	516097	4.511793808937073
160	32	32	160	3	1	47349760.0	46081	1.5035857057571411
64	32	192	448	2	2	99563968.0	344065	1.240185384750366
224	64	160	448	2	1	1213284800.0	286721	48.50286698659261
32	32	96	96	2	2	10681440.0	36865	0.14614549423257508
64	32	160	128	4	2	83918848.0	327681	0.9067240520318349
32	64	512	256	3	2	1246273600.0	1179649	19.20798983891805
160	64	64	192	3	2	117015600.0	110593	12.871421556472779
64	64	288	192	2	2	241078464.0	221185	3.3688776501019797
224	64	448	128	3	1	2114453504.0	516097	33.94414595286052
224	32	128	128	3	1	151126016.0	147457	2.99112788438797
224	64	192	480	3	1	3399352320.0	829441	49.565818557739256
128	32	416	256	4	2	436273152.0	1703937	8.906655979156493
32	64	256	64	3	1	604241920.0	147457	3.9369053848584494
64	64	96	32	5	1	295342208.0	76801	2.442262609799703
128	64	160	224	5	1	3445085056.0	896001	24.835932865142823
160	32	192	32	4	1	94500896.0	98305	3.1858629337946573
32	32	288	384	2	2	127955328.0	442369	0.8036173850297927
96	64	96	256	4	1	1561690368.0	393217	14.852502930959066
192	64	160	480	4	1	4879012320.0	1228801	73.82490867614746
64	32	320	320	4	1	1574809920.0	1638401	13.605409479141235
256	32	64	128	4	1	126083200.0	131073	9.553654301961263
96	64	64	320	3	2	195026000.0	184321	12.34686612447103
96	64	160	416	3	1	2455371776.0	599041	17.930603059132896
128	64	256	384	2	2	428630400.0	393217	9.02875743230184
96	64	288	192	3	2	525860400.0	497665	25.02831666310628
224	32	160	192	2	1	134025408.0	122881	5.102745065689087
128	64	288	96	5	1	2657341824.0	691201	20.45391679128011
224	32	480	448	2	2	248715712.0	860161	10.05554454167684
128	64	32	448	3	2	136754800.0	129025	16.167153469721477
128	64	160	448	2	1	1213284800.0	286721	27.763547064463296
256	32	128	512	5	1	1475020800.0	1638401	16.860487416585286
32	32	288	32	5	1	207388800.0	230401	1.537419731616974
160	32	384	352	5	1	3041596800.0	3379201	18.075593525568646
96	64	128	320	4	1	2602393920.0	655361	22.150114714304607
128	64	416	384	3	1	5890375680.0	1437697	41.585553855895995
224	32	32	32	3	1	9469952.0	9217	0.7070475731293361
256	64	480	480	4	2	3775365120.0	3686401	231.71539896647135
256	32	512	416	3	2	521996904.0	1916929	23.913362681070964
256	32	256	64	3	1	151060480.0	147457	3.890097916126251
32	32	32	448	5	1	322963200.0	358401	1.2369109360376993
32	64	224	160	4	1	2276618400.0	573441	6.5604740317662555
160	64	256	480	5	2	3048668280.0	3072001	83.51765195210774
256	64	192	192	3	2	350641200.0	331777	45.676220741271976
256	64	96	96	5	1	886026624.0	230401	17.187571430206297
32	64	512	288	3	1	5436997632.0	1327105	11.905825290679932
64	32	512	96	5	2	295242264.0	1228801	7.624406188329061
96	64	224	416	4	2	1527152640.0	1490945	39.751218719482424
160	64	288	128	5	1	3543122432.0	921601	31.35691266377767
96	32	352	128	4	2	184582144.0	720897	2.867217175960541
224	64	512	96	4	2	805404672.0	786433	35.9470335706075
64	64	32	128	4	1	260620416.0	65537	3.221180586020152
32	64	224	192	3	2	409047600.0	387073	7.1776343504587805
256	32	320	416	2	2	154006944.0	532481	7.745416215260824
32	64	32	384	5	2	305200224.0	307201	3.837202564080556
256	64	384	64	3	1	906231808.0	221185	39.38109647115072
32	32	32	128	3	1	37879808.0	36865	0.2956603742639224
160	32	288	160	2	1	200898720.0	184321	6.372033057212829
64	64	352	160	4	1	3577180320.0	901121	18.19629825592041
256	32	384	224	4	1	1322797280.0	1376257	57.140037282307944
128	64	64	320	5	1	1969358080.0	512001	19.05552427927653
224	64	96	32	5	1	295342208.0	76801	7.4171361017227175
256	32	256	64	5	2	98421776.0	409601	11.272637977600098
64	64	352	448	5	1	15156307712.0	3942401	44.811821950276695
192	32	96	128	3	1	113377280.0	110593	2.172246302763621
192	32	224	256	5	2	344483904.0	1433601	22.17109384536743
224	32	160	384	5	2	369116256.0	1536001	28.12590730667114
224	64	224	256	2	1	970195200.0	229377	34.02241566340128
160	32	32	416	5	2	80055144.0	332801	7.561490763028463
192	32	448	256	3	2	281083968.0	1032193	8.281391711235047
96	32	480	512	4	1	3779297792.0	3932161	43.569267425537106
192	32	64	480	4	1	472812000.0	491521	23.836157048543296
64	32	352	32	5	2	67662088.0	281601	2.891503675778707
192	32	256	224	5	2	344476216.0	1433601	22.318526674906412
256	64	448	256	2	1	1939308800.0	458753	76.52279301961264
192	64	448	448	5	2	4979158128.0	5017601	154.68723912556968
192	64	384	448	4	1	10926498240.0	2752513	140.32500635782878
192	32	352	448	5	1	3548563200.0	3942401	23.290885575612386
32	32	448	384	2	2	198979968.0	688129	1.233717654943466
32	64	192	160	5	1	2952807040.0	768001	5.92154985109965
192	32	384	256	5	2	590499904.0	2457601	36.36483627955119
160	64	416	192	2	2	348131520.0	319489	9.946837358474731
256	64	480	448	2	2	937202112.0	860161	43.14978160858154
224	32	448	512	2	2	265306624.0	917505	9.545901087125143
256	64	288	128	4	2	604110848.0	589825	47.50851374308268
256	32	256	32	3	2	20081160.0	73729	1.096276374657949
96	64	32	192	4	1	390930624.0	98305	6.728647365570068
224	64	128	288	3	1	1360134144.0	331777	27.038381004333495
160	64	416	320	2	1	2251080000.0	532481	65.38982004801433
256	64	480	128	4	1	3902193792.0	983041	78.17087628682454
224	32	224	512	5	2	688967808.0	2867201	48.81692937215169
64	64	352	448	2	1	2666955200.0	630785	28.42439001719157
224	32	256	224	4	1	881936608.0	917505	36.51809813181559
256	64	192	160	4	1	1951477920.0	491521	42.55770365397135
192	32	160	128	4	1	315023488.0	327681	14.230445569356283
256	64	320	64	2	1	346382400.0	81921	14.821804809570313
128	32	448	512	3	2	562167936.0	2064385	10.899220994313557
96	64	352	224	5	1	7578153856.0	1971201	35.79603998819987
224	64	480	480	3	2	2190747000.0	2073601	203.11709655761717
128	32	128	448	5	2	344530032.0	1433601	16.12397447903951
64	64	64	224	5	1	1378550656.0	358401	7.120273065567017
256	32	160	64	5	1	230457600.0	256001	5.218619335492452
192	64	288	352	3	2	964077400.0	912385	83.14157150268555
256	64	256	352	5	2	2235690072.0	2252801	99.53370663960774
192	32	160	224	4	2	146857984.0	573441	5.743023476600647
256	32	192	384	4	1	1134010752.0	1179649	51.56314303080241
256	32	160	480	4	1	1181338080.0	1228801	54.55402952829997
64	32	32	224	2	2	8350944.0	28673	0.18992000033458073
96	32	320	352	2	2	130313568.0	450561	2.2703986072540285
224	64	512	192	3	1	3624665088.0	884737	60.12132015228271
192	64	32	224	3	2	68377400.0	64513	12.239226474761963
96	64	96	448	4	1	2732958144.0	688129	25.01236385345459
224	32	64	416	5	1	599414400.0	665601	8.91747495174408
160	64	320	384	2	2	535683456.0	491521	14.03090881983439
32	32	256	64	2	1	71438400.0	65537	0.4900617598493894
64	64	32	256	3	2	78145600.0	73729	4.755746243794759
96	64	288	416	3	2	1139364200.0	1078273	49.217169036865236
256	64	512	32	2	2	71403552.0	65537	4.477533990542094
224	64	512	160	2	2	357017760.0	327681	16.323312069574992
32	64	352	448	4	2	2584150016.0	2523137	22.460824864705405
160	32	32	416	2	1	58440096.0	53249	2.0867750446001687
256	64	320	64	2	1	346382400.0	81921	14.637980155944824
224	64	352	448	3	2	1499570800.0	1419265	143.98383239746093
64	64	32	512	3	1	606076928.0	147457	6.766923413276673
256	64	64	288	4	1	1171648800.0	294913	34.692572339375815
256	64	448	384	5	2	4267849824.0	4300801	177.93783610026043
256	64	224	224	5	2	1244900664.0	1254401	60.480761693318684
192	64	320	480	4	2	2517073920.0	2457601	121.34475728352865
160	32	32	512	2	2	19087872.0	65537	0.6389673584699631
32	64	64	32	5	1	196935808.0	51201	1.3411864511171976
128	64	128	224	2	1	485503200.0	114689	12.351182301839193
96	32	320	32	4	2	41951232.0	163841	1.037969918648402
224	32	384	288	4	1	1700739360.0	1769473	62.99863606770833
224	64	224	288	3	2	613571400.0	580609	64.85272563934326
128	32	512	448	3	2	562150512.0	2064385	12.273723548253377
96	32	384	512	4	1	3023536640.0	3145729	35.48430288950602
64	64	128	64	4	1	520478784.0	131073	4.073327039082845
128	64	416	480	3	1	7362969600.0	1797121	52.57067083994548
160	64	288	480	4	1	8780698080.0	2211841	97.58525784810384
96	32	128	64	3	2	20089872.0	73729	0.3747969079017639
160	64	384	192	5	1	7085998848.0	1843201	55.56916435241699
128	32	32	288	2	2	10736928.0	36865	0.3890530136227608
192	64	64	64	3	2	39005200.0	36865	1.2938781877358754
64	32	448	448	2	1	874754496.0	802817	9.918260377248128
224	32	96	416	4	1	614455712.0	638977	30.098733030954996
160	32	64	256	3	1	151257088.0	147457	2.498094618320465
128	32	384	448	5	2	1033374832.0	4300801	40.62814684549967
224	32	448	64	4	2	117456896.0	458753	4.575148167610169
224	64	384	96	5	1	3542999424.0	921601	45.45740973154704
160	32	160	256	4	2	167837696.0	655361	4.3323665078481035
224	32	448	192	5	2	516679728.0	2150401	37.67110666910807
32	64	256	384	5	2	2438934624.0	2457601	14.737288668950399
128	64	288	32	2	2	40179744.0	36865	1.3221342889467875
224	64	448	288	3	1	4757520384.0	1161217	209.93089820861817
64	64	64	256	4	2	268697600.0	262145	6.882131290435791
96	64	480	480	4	1	14633226720.0	3686401	92.42426788330079
256	64	512	512	5	1	25194006528.0	6553601	973.2257185872396
256	64	512	192	4	2	1610809344.0	1572865	109.76792401631673
192	64	192	384	3	2	701282400.0	663553	63.48326572418213
224	64	160	416	5	2	1651516776.0	1664001	69.02179125467936
224	32	128	128	4	2	67141632.0	262145	2.4303432536125182
128	32	64	160	2	1	44779680.0	40961	1.2148274119695028
96	32	320	96	5	1	691286400.0	768001	4.553765110969543
128	32	480	224	3	2	263511864.0	967681	6.866362245877584
96	32	288	224	3	1	594771968.0	580609	3.9567026201883952
256	64	224	416	3	2	886269800.0	838657	103.48232421875
256	32	192	352	5	2	406010968.0	1689601	34.20143329620361
224	64	224	384	3	1	3172466688.0	774145	44.15461678822835
160	32	480	128	5	1	1382515200.0	1536001	11.273161385854085
160	64	128	96	4	2	201424896.0	196609	6.445894420941671
192	32	192	512	3	2	241008768.0	884737	6.83240638256073
224	64	320	32	5	1	984187008.0	256001	20.704045753479004
224	32	224	256	5	1	1290470400.0	1433601	12.477058868408204
224	32	288	416	4	1	1842567584.0	1916929	67.84101908365885
160	32	32	160	3	1	47349760.0	46081	1.5057738681634267
