384	2991	332	1986024	993344	0.9962025443216165
32	3788	2947	22326472	11166183	0.2327336541811625
320	1939	3144	12192432	6099360	0.695464640657107
64	3205	865	5544650	2773190	0.12203413379689057
224	2848	2315	13186240	6595435	0.3949109332760175
96	2125	3962	16838500	8423212	0.2690758379300435
352	2883	3792	21864672	10936128	0.8749644802014033
32	3109	2526	15706668	7855860	0.14623178785045943
384	3024	3504	21192192	10599600	0.8599186134338379
288	3769	1090	8216420	4109300	0.36018517196178435
256	396	343	271656	136171	0.07847296014428139
288	2203	2225	9803350	4903900	0.3771024003624916
416	1103	272	600032	300288	0.0996094936877489
352	4015	3082	24748460	12377312	0.943401707013448
384	586	2826	3312072	1658862	0.194294080833594
320	2274	519	2360412	1180725	0.15126325443387031
448	899	1528	2747344	1375200	0.16157909269134205
384	1230	3128	7694880	3850568	0.4126925860842069
256	554	2030	2249240	1126650	0.10882613345980645
256	457	1285	1174490	588530	0.09182432025671006
64	3234	2837	18349716	9177695	0.2861211739977201
256	612	1783	2182392	1092979	0.10957034627596537
480	2359	1770	8350860	4177200	0.4476756265759468
416	1903	3141	11954646	5980464	0.6344194124142329
256	1610	1335	4298700	2150685	0.18372448002298672
416	2501	1086	5432172	2717172	0.3099207454919815
384	1895	269	1019510	510024	0.12405898700157801
512	734	3744	5496192	2751840	0.34015733311573665
448	2267	3009	13642806	6824412	0.7498283718029658
32	3524	247	1740856	870675	0.07661578722298146
64	1666	1158	3858456	1930386	0.10278805250922839
192	2326	4094	19045288	9526738	0.4754025607307752
256	3375	1619	10928250	5465744	0.32303615937630337
64	2041	3581	14617642	7312402	0.1560699733098348
384	3487	2657	18529918	9267616	0.75712864001592
320	3042	108	657072	328644	0.09924192031224568
448	181	1896	686352	345072	0.08147978618741035
448	244	1781	869128	436345	0.08892714634537696
96	3275	1201	7866550	3934476	0.14200288032492
32	2770	3860	21384400	10696060	0.18266026670734087
192	681	3063	4171806	2088966	0.16352938517928123
416	2995	3559	21318410	10662764	0.9547700264056523
128	1903	2855	10866130	5435920	0.20428714528679848
32	441	2655	2341710	1173510	0.06665824001034101
352	999	1898	3792204	1898000	0.18202122723062833
256	3741	2177	16288314	8146334	0.5463596800963084
288	3558	1927	13712532	6858193	0.5354437329371771
256	577	998	1151692	576844	0.08982879996299743
128	273	1230	671580	337020	0.06733717327316602
224	3112	1477	9192848	4597901	0.34881120214859646
288	1902	1258	4785432	2393974	0.20131327966849008
512	3256	93	605616	302901	0.12959562664230664
480	3330	3634	24202440	12104854	1.443600533803304
288	913	759	1385934	693726	0.10173504017293453
256	3651	140	1022280	511280	0.115637760485212
320	2129	2486	10585388	5295180	0.38421578844388327
224	547	3248	3553312	1779904	0.15391989375154178
192	3388	2745	18600120	9302805	0.3853953070441882
256	1799	667	2399866	1200600	0.13870592032869658
64	1678	2949	9896844	4951371	0.17444970672329266
160	180	667	240120	120727	0.06828266690174739
448	935	3068	5737160	2871648	0.299365758895874
512	1022	4060	8298640	4153380	0.3981277859210968
160	1242	3071	7628364	3817253	0.21811189328630765
352	2797	745	4167530	2084510	0.20494410509864489
416	116	1163	269816	136071	0.06751968013743559
96	2583	3766	19455156	9731344	0.30709120164314907
64	1987	3701	14707774	7357588	0.15663967922329902
128	3905	3808	29740480	14874048	0.4684208011627197
512	2393	520	2488720	1244880	0.19881194745500883
416	999	1796	3588408	1796000	0.22108586664001148
480	3006	668	4016016	2008676	0.3408420272668203
160	3615	3954	28587420	14297664	0.7437548796335857
256	149	3711	1105878	556650	0.09137546675900618
96	1111	2096	4657312	2330752	0.12692661300301553
320	2402	3488	16756352	8381664	0.630402560432752
256	1529	2822	8629676	4317660	0.29016202559073767
64	687	377	517998	259376	0.07595146713157495
224	1971	3594	14167548	7087368	0.41961472064256666
416	1891	2811	10631202	5318412	0.6157451709111531
352	1317	2454	6463836	3234372	0.25752255832155546
128	3576	1613	11536176	5769701	0.2077221324046453
448	2265	1856	8407680	4205696	0.43648095975319545
32	407	3523	2867722	1437384	0.06860810694595178
64	2473	1899	9392454	4698126	0.1289530665675799
480	3876	3713	28783176	14395301	2.4047598854700722
160	3201	540	3457080	1729080	0.1652540789047877
512	1180	126	297360	148806	0.08851423998673758
128	3452	4074	28126896	14067522	0.470511573155721
64	1913	3608	13804208	6905712	0.15859039853016535
160	1347	2895	7799130	3902460	0.22228256007035574
384	3614	232	1676896	838680	0.15581984023253123
256	2963	3407	20189882	10098348	0.5474387202660242
32	1759	2232	7852176	3928320	0.11781525370975335
288	740	625	925000	463125	0.08774464006225267
416	169	1718	580684	292060	0.07580000100036462
416	2197	4033	17721002	8864534	0.839138132929802
32	3503	1454	10186724	5094816	0.13340031956632933
512	1293	2134	5518524	2761396	0.2651283186674118
224	2145	2794	11986260	5995924	0.3487124256292979
96	3387	2957	20030718	10018316	0.3234186665217082
448	3349	2991	20033718	10019850	0.9303269318739573
224	2849	817	4655266	2328450	0.18437109371026358
64	2207	1311	5786754	2894688	0.11775264052053293
288	620	3006	3727440	1866726	0.16535839930176735
448	2702	97	524188	262191	0.10982720002532005
96	660	1798	2373360	1188478	0.08345653300484021
320	2992	2532	15151488	7578276	0.5506471484899521
32	1748	2143	7491928	3748107	0.10591146598259608
64	664	2909	3863152	1934485	0.10007776059210301
256	3871	225	1741950	871200	0.12966421278814474
512	295	1252	738680	370592	0.09318154715001584
448	3610	327	2360940	1180797	0.1601237325867017
192	702	3520	4942080	2474560	0.15520426765084266
480	3405	1805	12292050	6147830	0.6654700795809428
352	473	4082	3861572	1934868	0.21392010579506557
416	3389	3279	22225062	11115810	1.0147286421060562
96	1604	675	2165400	1083375	0.08832117319107055
160	171	2361	807462	406092	0.07647712056835493
416	502	3495	3508980	1757985	0.1827614936232567
32	2813	3942	22177692	11092788	0.18675946737329166
288	3465	2027	14047110	7025582	0.5289451737205187
448	3441	1323	9104886	4553766	0.4350617585579554
64	3430	1079	7401940	3702049	0.14622912074128785
256	305	1986	1211460	607716	0.08515999967853229
32	3173	854	5419484	2710596	0.10115456024805705
352	2001	3285	13146570	6576570	0.5212350914875666
224	3887	2680	20834320	10419840	0.5656028799215953
224	1238	3467	8584292	4295613	0.27343029181162515
448	4012	3387	27177288	13592031	1.5358362670739492
224	871	3353	5840926	2923816	0.22074954683581988
224	2071	2711	11228962	5617192	0.3237838933865229
224	1834	86	315448	157810	0.0761574404935042
224	2121	1729	7334418	3668938	0.22193610707918804
384	2162	891	3852684	1927233	0.18237152044971783
224	818	3339	5462604	2734641	0.20375157192349433
384	1165	2539	5915870	2960474	0.2386557866136233
96	3875	3438	26644500	13325688	0.3831015482544899
224	2212	516	2282784	1141908	0.14005418732762337
480	2992	3994	23900096	11954042	1.5726034080982207
32	3204	879	5632632	2817195	0.09999178697665533
256	2299	2491	11453618	5729300	0.39632031947374347
256	3877	2471	19160134	9582538	0.5379952010512352
32	2554	1875	9577500	4790625	0.11887221343815327
384	864	886	1531008	766390	0.10680746644735337
160	425	2689	2285650	1145514	0.09925461421410242
320	1081	1932	4176984	2090424	0.2239905070265134
192	1467	430	1261620	631240	0.11090815996130307
224	1251	1407	3520314	1761564	0.1341021864116192
512	654	2867	3750036	1877885	0.22638122737407684
32	3845	2481	19078890	9541926	0.17606570651133854
32	520	867	901680	451707	0.08076554703215758
448	959	3017	5786606	2896320	0.30762239982684453
288	2517	1063	5351142	2676634	0.2549693884452184
96	2682	3821	20495844	10251743	0.31971669306357703
320	773	1164	1799544	900936	0.12011786739031474
96	1187	3998	9491252	4749624	0.1778513070444266
256	2466	987	4867884	2434929	0.19358496154348057
64	45	2673	240570	122958	0.06857023994127909
64	771	947	1460274	731084	0.07620522744953633
448	1475	2602	7675900	3840552	0.4935216005643209
512	354	1704	1206432	604920	0.11296938692529997
480	2603	3208	16700848	8353632	0.9838546133041381
256	1314	1720	4520160	2261800	0.17103615939617156
320	153	96	29376	14784	0.07130645329753559
480	353	910	642460	322140	0.08869066645701726
128	3036	1811	10996392	5500007	0.23743424117565154
64	598	3988	4769648	2388812	0.08753269289930661
448	3541	3927	27811014	13909434	1.591754562854767
96	2836	2210	12535120	6269770	0.2555262940128644
160	968	1264	2447104	1224816	0.1098447997123003
416	1753	1586	5560516	2781844	0.2816221872965495
96	4007	144	1154016	577152	0.0835956263790528
384	1375	2211	6080250	3042336	0.26567871967951456
128	270	3083	1664820	835493	0.07895562601586183
256	3230	1448	9354080	4678488	0.30706282685200376
480	2031	1700	6905400	3454400	0.3880185596148173
32	286	3127	1788644	897449	0.0707650135209163
384	3974	798	6342504	3172050	0.2707404807209969
96	3396	1021	6934632	3468337	0.17179669345418613
384	3701	1298	9607796	4805196	0.3864663467804591
128	1830	243	889380	444933	0.08175509249170622
32	1132	1786	4043504	2023538	0.08219434633851051
224	3382	3429	23193756	11600307	0.6619482658306758
480	2183	2266	9893356	4948944	0.6893249074618022
256	145	200	58000	29200	0.06765525343517463
352	1233	1423	3509118	1755982	0.23239050760865212
96	2407	3501	16853814	8430408	0.2802612275878588
128	2169	2933	12723354	6364610	0.22818837359547614
416	1433	324	928584	464616	0.11199029341340065
480	810	2188	3544560	1774468	0.24233055969079337
224	3344	3979	26611552	13309755	0.7256018153826396
128	426	814	693528	347578	0.06705504027505715
96	1819	2985	10859430	5432700	0.19783413380384446
64	1118	391	874276	437529	0.077027840167284
448	1103	3800	8382800	4195200	0.4306609059373538
192	1947	199	774906	387652	0.09523744044204553
416	1029	4084	8404872	4206520	0.4733334399263064
64	4010	481	3857620	1929291	0.10839199970165889
384	1587	1552	4926048	2464576	0.29176959991455076
96	2246	3448	15488416	7747656	0.2758079997698466
384	2137	3466	14813684	7410308	0.6264330653349558
416	3235	2464	15942080	7973504	0.7374842643737793
480	1737	2013	6993162	3498594	0.36502218663692476
352	2430	3713	18045180	9026303	0.7300580290953318
448	93	2027	377022	190538	0.07029760037859281
320	3258	3951	25744716	12876309	0.9210474659999212
128	3290	2602	17121160	8563182	0.32762197256088255
480	1822	4082	14874808	7441486	0.7709168008963267
416	3466	3559	24670988	12339053	1.0854595166444778
384	866	2728	4724896	2365176	0.21793237313628197
320	3717	3431	25506054	12756458	0.8501281068722407
512	1415	3668	10380440	5193888	0.5500385073820749
96	2043	157	641502	320908	0.07704896042744319
448	892	3454	6161936	3084422	0.30939626743396126
96	1764	2434	8587152	4296010	0.18944234694043796
384	1832	2291	8394224	4199403	0.3340313603480657
448	1708	591	2018856	1010019	0.15328693424661954
128	2562	2706	13865544	6935478	0.259536001632611
320	1268	1286	3261296	1631934	0.15996522506078084
32	2500	2595	12975000	6490095	0.1321343998114268
352	3658	563	4118908	2060017	0.21631157318751018
192	531	2538	2695356	1350216	0.12276106695334117
160	2489	2014	10025692	5014860	0.2372363739212354
480	2723	1577	8588342	4295748	0.5244806379079818
384	2313	473	2188098	1094522	0.1546149341762066
416	1263	720	1818720	910080	0.1290901332596938
128	2161	1756	7589432	3796472	0.1753832531472047
320	2733	4065	22219290	11113710	0.8139229875802994
352	2050	2368	9708800	4856768	0.3756916273633639
64	2876	3812	21926624	10967124	0.34262432048718133
32	1562	2103	6569772	3286989	0.09897920054694016
352	2890	1530	8843400	4423230	0.4778574940562248
352	1809	838	3031884	1516780	0.15899007876714072
288	377	2757	2078778	1042146	0.12313898625473181
320	945	814	1538460	770044	0.10986847996711731
320	892	859	1532456	767087	0.11123445299764474
128	570	1530	1744200	873630	0.09065631985664367
416	3306	3497	23122164	11564579	1.0509474144379298
288	3446	2311	15927412	7966017	0.5906688000758489
320	1791	1857	6651774	3327744	0.25818314507603646
256	3557	540	3841560	1921320	0.18025280033548674
480	764	3309	5056152	2531385	0.31125962754090625
128	544	1181	1284928	643645	0.08153023948272069
64	2295	3820	17533800	8770720	0.18874176010489463
192	2839	2673	15177294	7591320	0.32736970692873
416	323	1333	861118	431892	0.10489162636299929
512	3470	1372	9521680	4762212	0.45722197482983273
512	1321	2687	7099054	3552214	0.4683944538235664
448	1675	1105	3701750	1851980	0.2325510410964489
288	2204	2011	8864488	4434255	0.39845898558696113
96	2380	1082	5150320	2576242	0.12196512048443159
480	524	3475	3641800	1824375	0.23225738724072775
320	4019	2232	17940816	8972640	0.6474940812587738
256	939	1638	3076164	1539720	0.14066325376431146
224	3611	2086	15065092	7534632	0.3586982399225235
192	508	864	877824	439776	0.08131178610026836
96	3768	3643	27453648	13730467	0.45001802653074263
224	2464	3936	19396608	9702240	0.5445453852415085
160	3574	2838	20286024	10145850	0.4519093326727549
512	3337	1297	8656178	4329386	0.44143445312976837
288	129	640	165120	83200	0.0671448535223802
416	1479	767	2268786	1135160	0.14267114778359732
352	261	2832	1478304	741984	0.11817450731992722
352	2541	2364	12013848	6009288	0.5055702397227287
192	1726	3322	11467544	5737094	0.313963306248188
96	3822	1559	11916996	5960057	0.20214677219589552
32	180	1418	510480	256658	0.06757600011924902
128	2749	3807	20930886	10469250	0.3863450672229131
448	664	2954	3922912	1964410	0.22189269378781318
224	1542	3217	9921228	4963831	0.3205916799108187
352	2039	1431	5835618	2919240	0.35559050609668097
160	822	3999	6574356	3291177	0.18670432051022848
192	3695	3343	24704770	12355728	0.677385812997818
64	1805	2289	8263290	4133934	0.13792362680037817
256	489	760	743280	372400	0.08353535952667396
96	2758	433	2388428	1194647	0.08875157348811627
416	46	4024	370208	189128	0.07956938589612643
384	2575	3350	17252500	8629600	0.7174597328901291
32	1241	360	893520	447120	0.07591872009138266
224	85	3190	542300	274340	0.06751989362140497
384	2134	2476	10567568	5286260	0.39839519917964933
320	3653	416	3039296	1520064	0.18107594698667526
64	3580	1937	13868920	6936397	0.18466293384631474
160	2906	1946	11310152	5657022	0.2650444801648458
224	1991	2158	8593156	4298736	0.2231510403752327
384	3693	2193	16197498	8100942	0.7702550393342972
64	1956	142	555504	277894	0.07603658703466257
288	2496	940	4692480	2347180	0.21061269268393518
64	3177	660	4193640	2097480	0.1113835733383894
288	2595	2289	11879910	5942244	0.4427346129218737
384	2759	1515	8359770	4181400	0.4688252811630567
384	3383	310	2097460	1049040	0.15453589444359145
416	2434	533	2594644	1297855	0.18687626744310062
96	3826	3293	25198036	12602311	0.3705205327272415
64	3211	2595	16665090	8335140	0.2183949863910675
192	3022	150	906600	453450	0.08728255992134412
416	1376	3538	9736576	4871826	0.47079114655653637
416	89	2345	417410	211050	0.06953130714595318
384	1142	936	2137824	1069848	0.17188266634941102
192	999	946	1890108	946000	0.10582474604249001
224	2312	2648	12244352	6124824	0.3561930669347445
384	364	2917	2123576	1064705	0.14657984072963395
160	504	2516	2536128	1270580	0.11114816007514795
512	1822	2956	10771664	5388788	0.6416753073533376
384	1705	2234	7617940	3811204	0.3241555195053418
32	3566	3934	28057288	14032578	0.23099338740110398
416	164	3422	1122416	564630	0.0992424537986517
64	3937	1375	10826750	5414750	0.15501877357562382
96	2647	3000	15882000	7944000	0.26530410677194594
320	1320	3471	9163440	4585191	0.3594894935687383
224	3029	3465	20990970	10498950	0.6029756802320481
128	364	1044	760032	381060	0.06690485343337059
480	3284	1625	10673000	5338125	0.6162437329689662
128	1739	563	1958114	979620	0.09807413356999556
256	2694	200	1077600	539000	0.09965578677753607
480	3200	3388	21683200	10844988	1.2470797868569692
480	2255	3709	16727590	8367504	0.8277288538217544
352	2589	2884	14933352	7469560	0.6250445864597957
480	2065	2795	11543350	5774470	0.6994322144985199
384	3284	3167	20800856	10403595	0.8644213328758875
288	1741	687	2392134	1196754	0.14350368037819863
64	515	3494	3598820	1802904	0.10032949380576611
448	2517	1566	7883244	3943188	0.3982573855916659
512	2179	1854	8079732	4041720	0.44328767915566764
480	755	2562	3868620	1936872	0.2511909344792366
512	183	1876	686616	345184	0.08482719965279102
192	212	2009	851816	427917	0.07907317327956359
96	1160	3449	8001680	4004289	0.17141642645001412
480	3020	982	5931280	2966622	0.3299077342947324
352	2375	1497	7110750	3556872	0.41038229276736576
32	1298	3144	8161824	4084056	0.1070907731850942
32	869	1837	3192706	1598190	0.07669888059298198
256	2392	733	3506672	1754069	0.15460640132427217
288	1881	526	1978812	989932	0.13529525299866993
192	3113	883	5497558	2749662	0.17345471998055775
160	3982	1187	9453268	4727821	0.23509141395489375
224	3554	2285	16241780	8123175	0.5035464531183242
192	3455	2837	19603670	9804672	0.5032941872874895
384	1869	3195	11942910	5974650	0.6237462389469147
448	1206	666	1606392	803862	0.12781333297491074
160	3305	651	4303110	2152206	0.15419840147097905
192	496	766	759872	380702	0.08071882637838522
224	2922	2602	15206088	7605646	0.446925866206487
128	1670	1484	4956560	2479764	0.14338250761230786
224	406	3901	3167612	1587707	0.1227526402970155
224	3204	3055	19576440	9791275	0.5142945049206415
384	2404	1754	8433232	4218370	0.3404066141446431
64	152	1511	459344	231183	0.06756426654756069
32	3687	4014	29599236	14803632	0.2435875204205513
256	583	3202	3733532	1869968	0.15972714528441428
64	2293	984	4512624	2257296	0.09886282689869404
352	2630	4094	21534440	10771314	0.8300967466831207
288	1165	3839	8944870	4476274	0.35200031926234565
480	3156	2891	18247992	9126887	1.0025112575292587
32	1347	3840	10344960	5176320	0.11223093343277772
192	1958	2447	9582452	4793673	0.25687327817082406
224	1463	3431	10039106	5022984	0.32037375966707865
352	1177	2893	6810122	3407954	0.3988417055209478
128	483	3652	3527832	1767568	0.11516106660167376
256	2727	652	3556008	1778656	0.1604955717921257
384	2797	2223	12435462	6219954	0.586356586019198
64	1225	3619	8866550	4436894	0.12199754692614079
32	1933	644	2489704	1245496	0.076403093735377
288	2388	2966	14165616	7085774	0.7404176018635432
416	1289	2139	5514342	2759310	0.26048725272218387
448	2233	459	2049894	1025406	0.15633354663848878
352	1117	636	1420824	711048	0.11824768009285132
352	2419	1839	8897082	4450380	0.3398849070072174
96	3754	741	5563428	2782455	0.1690481062233448
320	1570	1171	3676940	1839641	0.18567242662111919
288	2084	3584	14938112	7472640	0.5597698146104813
224	3119	856	5339728	2670720	0.1880215477446715
384	847	1016	1721104	861568	0.13142805330455304
480	251	440	220880	110880	0.06814730671544869
64	682	3166	4318424	2162378	0.10370847928027312
128	3167	2059	13041706	6522912	0.2273068806529045
160	3323	2038	13544548	6774312	0.3051462401946386
384	2507	79	396106	198132	0.10107295992473761
128	2437	3985	19422890	9715430	0.30882336139678956
192	3446	3045	20986140	10496115	0.5436103465159734
32	2494	3075	15338100	7672125	0.15644117280840875
320	1405	688	1933280	967328	0.11775381401181222
96	1702	3614	12302056	6154642	0.2170148264368375
416	1723	2842	9793532	4899608	0.5867080541451772
64	489	714	698292	349860	0.07719082673390706
128	354	663	469404	235365	0.06656170676151911
352	3752	3399	25506096	12756447	0.9862146141131719
128	1648	3048	10046208	5026152	0.19289450759689014
480	3782	86	650504	325338	0.14043616026639938
256	1968	2383	9379488	4692127	0.3397813341021538
96	2000	3092	12368000	6187092	0.20214122613271077
288	1357	1666	4521524	2262428	0.2056241055826346
288	531	2055	2182410	1093260	0.1276301864782969
320	2445	897	4386330	2194062	0.2091779192785422
96	2698	3638	19630648	9818962	0.30479808171590167
96	3543	834	5909724	2955696	0.12461333277324836
32	2069	140	579320	289800	0.07608085359136263
448	1934	2570	9940760	4972950	0.6419157350063324
448	986	490	966280	483630	0.10288639977574349
128	149	3783	1127334	567450	0.07258069336414337
480	1991	1232	4905824	2454144	0.2755700269341469
384	573	2155	2469630	1236970	0.14890666787823043
192	2406	2382	11462184	5733474	0.3058331732948621
256	445	3232	2876480	1441472	0.14041365350286167
96	996	824	1641408	821528	0.08107487924396992
64	3697	1842	13619748	6811716	0.18999829391638437
256	1810	1383	5006460	2504613	0.19900149300694467
64	3233	3768	24363888	12185712	0.38557706753412885
64	2381	83	395246	197706	0.07653237387537956
128	1329	448	1190784	595840	0.07868490738173325
64	772	2876	4440544	2223148	0.10833599967261155
352	1898	1408	5344768	2673792	0.21053525269031526
128	3859	3119	24072442	12039340	0.3777021861076355
64	415	1978	1641740	822848	0.07613344041009744
160	1160	733	1700560	851013	0.09174026707808176
512	2865	1332	7632360	3817512	0.3906109859546026
192	3731	2845	21229390	10617540	0.5391060266892115
32	2036	2635	10729720	5367495	0.10932607986032963
96	2658	147	781452	390873	0.07549312062561513
64	3734	3032	22642976	11324520	0.3208754112323125
224	850	2614	4443800	2224514	0.15672554597258567
448	3268	3844	25124384	12566036	1.5516815972328186
288	1077	1963	4228302	2116114	0.22906570727626482
384	1280	253	647680	324093	0.09077621340751647
128	356	1873	1333576	668661	0.0774044797817866
384	3923	3118	24463828	12235032	1.0012409551938375
192	2672	1327	7091488	3547071	0.18410208011666934
320	3020	1730	10449200	5226330	0.4399124260743459
160	3593	2331	16750566	8377614	0.4416138657927513
192	2017	832	3356288	1678976	0.14272309397657712
96	463	3578	3313228	1660192	0.10894730649888515
480	967	3507	6782538	3394776	0.40563199987014137
448	755	2659	4015090	2010204	0.24591594591736793
192	3230	3949	25510540	12759219	0.6848331719636918
128	196	766	300272	150902	0.06651136005918185
64	1360	3346	9101120	4553906	0.13785056004921595
192	4025	887	7140350	3571062	0.1870606937011083
288	1099	53	116494	58300	0.08183946684002877
416	3784	3531	26722608	13364835	1.194430827299754
384	2023	2645	10701670	5353480	0.392139200369517
512	3037	3623	22006102	11006674	1.3210236795743306
64	599	3026	3625148	1815600	0.10760735981166362
64	1633	1961	6404626	3204274	0.10673717302580675
352	1751	4055	14200610	7104360	0.5935091213385264
32	3140	3815	23958200	11982915	0.2057949857910474
160	818	2947	4821292	2413593	0.18169045348962148
224	1753	2513	8810578	4407802	0.2818370125691096
384	3184	587	3738016	1869595	0.2292035201191902
160	1533	3303	10126998	5066802	0.28646218647559485
128	1706	2601	8874612	4439907	0.2012871451675892
160	2093	2179	9121294	4562826	0.26086378733317056
480	727	559	812786	406952	0.10483168000976245
128	2218	2111	9364396	4684309	0.17805301373203594
256	4057	868	7042952	3522344	0.24083989401658376
352	3381	1823	12327126	6165386	0.5348742397626242
128	2529	2548	12887784	6446440	0.2616398932536443
256	465	2211	2056230	1030326	0.1148977068811655
416	2159	1002	4326636	2164320	0.2331837866206964
64	3041	814	4950748	2476188	0.1159319469332695
480	508	1197	1216152	609273	0.132086826612552
448	3828	2320	17761920	8883280	0.82560917476813
480	2728	1905	10393680	5198745	0.5363003740708033
32	3319	586	3889868	1945520	0.09151306696236133
352	2803	3067	17193602	8599868	0.7206323230266571
352	1260	1203	3031560	1516983	0.16928501273194949
448	3685	184	1356080	678224	0.15740063880880673
256	2028	2513	10192728	5098877	0.35666570593913394
416	3292	381	2508504	1254633	0.17964149350921313
96	3120	3832	23911680	11959672	0.40535125186045967
192	3224	2418	15591264	7798050	0.4090064002076785
448	3273	2211	14473206	7238814	0.7254918388525645
192	802	1499	2404396	1203697	0.1146592001368602
480	84	451	75768	38335	0.06771434684594473
320	1535	300	921000	460800	0.09590176043411096
160	1770	536	1897440	949256	0.11493322687844436
128	1507	2177	6561478	3282916	0.15945706551273664
96	3925	1351	10605350	5304026	0.1610157856841882
32	1189	1054	2506412	1254260	0.07550026707351208
480	841	1700	2859400	1431400	0.18325941363970438
128	2948	3540	20871840	10439460	0.3600213320056597
64	2768	4032	22321152	11164608	0.34525824079910916
288	4048	2458	19899968	9952442	0.6662604810794195
224	2755	816	4496160	2248896	0.18237386693557103
352	3885	3280	25485600	12746080	0.999202136596044
480	2546	2343	11930556	5967621	0.6572193058331808
320	277	3586	1986644	996908	0.13630378688375155
192	2450	369	1808100	904419	0.10614986615876357
96	1239	2269	5622582	2813560	0.140374187429746
256	3180	1454	9247440	4625174	0.3092522665858269
96	932	4032	7515648	3761856	0.15736597155531248
96	91	2887	525434	265604	0.06771850655476253
256	2087	3802	15869548	7938576	0.4606896003087362
384	3379	2249	15198742	7601620	0.715593172510465
352	581	806	936572	469092	0.09673130698502064
160	87	3940	685560	346720	0.06702880010008812
512	3070	2510	15411400	7708210	0.8464984522263209
512	3495	3730	26072700	13040080	1.6142201606432598
160	1441	1048	3020336	1511216	0.12940287987391155
64	706	809	1142308	571963	0.07678986710806687
128	3437	3298	22670452	11338524	0.41044906636079154
320	3459	713	4932534	2466980	0.22305311997731528
480	2886	1841	10626252	5314967	0.5800074666738511
288	1212	1935	4690440	2347155	0.2492916265130043
64	3904	968	7558144	3780040	0.1283652267853419
32	1823	820	2989720	1495680	0.0809417590002219
352	2235	334	1492980	746824	0.1395485868056615
480	958	987	1891092	946533	0.13559242675701777
256	1633	3405	11120730	5563770	0.33802986681461333
448	2290	447	2047260	1024077	0.1602278387049834
256	1718	3825	13142700	6575175	0.3986295464634895
512	1108	887	1965592	983683	0.15252981449166933
160	1784	2888	10304384	5155080	0.25146410673856734
224	53	2415	255990	130410	0.0711313067128261
448	308	174	107184	53766	0.08034464031457901
96	1880	3736	14047360	7027416	0.23730421483516692
512	2655	2753	14618430	7311968	0.8581049599250158
128	314	1749	1098372	550935	0.08075594579180082
416	1277	1316	3361064	1681848	0.19888085330526034
64	2624	3670	19260160	9633750	0.1917595744629701
256	1588	1260	4001760	2002140	0.1826142931977908
416	3114	946	5891688	2946790	0.30308874617020287
512	989	2409	4765002	2384910	0.36344138503074647
320	618	3613	4465668	2236447	0.21892522657910982
224	3725	1908	14214600	7109208	0.36608778675397236
224	1862	2281	8494444	4249503	0.2728316792845726
96	461	3694	3405868	1706628	0.11823488019406796
448	2807	1079	6057506	3029832	0.35101866533358894
256	481	4029	3875898	1941978	0.15535680040717126
64	3888	1847	14362272	7182983	0.19234912132223447
96	2437	394	1920356	960572	0.08443135974307855
256	1580	3083	9742280	4874223	0.2997639467318853
160	2608	1211	6316576	3159499	0.17912458648284277
384	292	1670	975280	489310	0.09622058702011903
384	1524	2560	7802880	3904000	0.3007823994755745
416	2630	3882	20419320	10213542	0.9450673071543375
128	4038	1598	12905448	6454322	0.23466720074415207
64	1501	3165	9501330	4753830	0.16546847964326541
32	1682	3602	12117128	6062166	0.12797301292419433
128	4071	1777	14468334	7235944	0.2985015469789505
96	1080	480	1036800	518880	0.07749728043874105
64	3345	1106	7399140	3700676	0.1442497074107329
192	3231	1160	7495920	3749120	0.20771562586228054
32	328	1148	753088	377692	0.06730442702770233
384	4023	1322	10636812	5319728	0.43443466663360597
288	1194	1893	4520484	2262135	0.19813760076959927
224	1774	2779	9859892	4932725	0.2977790953715642
64	404	2688	2171904	1088640	0.0919030398875475
64	4027	1533	12346782	6174924	0.1885977603495121
448	1426	329	938308	469483	0.10904522632559141
128	3591	3950	28368900	14188400	0.49018346597750984
448	931	1635	3044370	1523820	0.1989799461265405
352	2328	593	2761008	1381097	0.1726402131219705
64	1034	449	928532	464715	0.07636960044503212
128	866	1429	2475028	1238943	0.09768437385559083
480	3396	38	258096	129086	0.0934082139780124
448	1448	1054	3052384	1527246	0.1755328000585238
192	348	4034	2807664	1407866	0.1120931200683117
480	2331	848	3953376	1977536	0.2516246414681276
224	960	3525	6768000	3387525	0.2366755212843418
512	1931	3120	12049440	6027840	0.6938044786453247
512	1031	2846	5868452	2937072	0.38376768042643866
256	3113	3178	19786228	9896292	0.5636942944924037
288	1299	2690	6988620	3497000	0.2605367476741473
32	2524	2149	10848152	5426225	0.12428362612922986
480	1269	1474	3741012	1871980	0.2599271459380786
288	1199	154	369292	184800	0.07919328066209952
416	2580	417	2151720	1076277	0.16635157252351443
480	166	991	329012	165497	0.07831146734456221
32	3912	698	5461152	2731274	0.09560202730198701
480	2614	695	3633460	1817425	0.2623015476266543
480	3259	2905	18934790	9470300	1.0428477807839711
416	1129	513	1158354	579690	0.1300336000820001
352	2098	3894	16339224	8173506	0.6724035195509592
352	3124	2757	17225736	8615625	0.6885106134414672
96	2003	2548	10207288	5106192	0.21264202614625294
448	1373	1395	3830670	1916730	0.2116143994530042
32	3579	1697	12147126	6075260	0.13191893304387728
512	840	3697	6210960	3109177	0.38654410700003305
96	3064	2016	12354048	6179040	0.2151615996658802
256	985	2531	4986070	2495566	0.17686293303966522
128	674	1099	1481452	741825	0.08819765344262123
416	685	3817	5229290	2618462	0.29167466719945273
128	781	2078	3245836	1624996	0.09953322721024355
128	762	1648	2511552	1257424	0.09127594667176406
192	992	2683	5323072	2664219	0.1701683193941911
128	583	702	818532	409968	0.06755957332750162
384	606	3641	4412892	2210087	0.21965173304080962
352	1058	2386	5048776	2526774	0.22451520075400672
192	1902	1796	6831984	3417788	0.18938112085064251
480	2267	107	485138	242676	0.11540010690689087
160	3932	3678	28923792	14465574	0.6962752010424932
352	2395	268	1283720	642128	0.13924085413416226
352	3334	508	3387344	1694180	0.18318858688076337
320	834	2093	3491124	1747655	0.16856895938515662
384	3400	531	3610800	1805931	0.20632906605799992
320	2208	1566	6915456	3459294	0.3795913597941399
480	2828	2525	14281400	7143225	0.7755803740024567
160	754	780	1176240	588900	0.09575701378285885
256	48	400	38400	19600	0.06865333333611488
96	1409	950	2677100	1339500	0.10723263969024023
416	1031	2261	4662182	2333352	0.34885109374920525
256	2897	1731	10029414	5016438	0.3157083733876546
64	2353	3431	16146286	8076574	0.23555637419223785
320	2463	645	3177270	1589280	0.16234037260214487
128	332	1707	1133448	568431	0.07695104070007801
320	892	1497	2670648	1336821	0.18509984036286672
512	1207	1647	3975858	1989576	0.2613869871199131
160	2854	337	1923596	962135	0.112437440281113
320	3369	3015	20315070	10160550	0.7113545596599579
288	2919	2305	13456590	6730600	0.48457631925741834
192	527	720	758880	380160	0.08324319948752722
192	2503	3690	18472140	9239760	0.4696283741792043
480	1419	1307	3709266	1855940	0.22494901359081268
320	39	1233	96174	49320	0.06723104007542133
32	1129	3089	6974962	3490570	0.10688501305878162
352	2640	1093	5771040	2886613	0.26739914615948995
64	905	3705	6706050	3356730	0.1046429864068826
256	2152	3626	15606304	7806778	0.46039328108231226
384	3504	3372	23630976	11818860	0.9513988266388576
384	1179	3071	7241418	3623780	0.41686815907557806
256	3835	761	5836870	2919196	0.20048394585649174
288	144	2960	852480	429200	0.07620682703951995
480	3291	3462	22786884	11396904	1.3313905068238576
512	2683	1329	7131414	3567036	0.3749835737546285
192	727	973	1414742	708344	0.10006741357346376
384	401	3733	2993866	1500666	0.16455253238479298
128	150	2881	864300	435031	0.06847487983604272
128	2700	1492	8056800	4029892	0.18457141324877738
192	3800	1220	9272000	4637220	0.23696597382426263
512	2864	354	2027712	1014210	0.1744420263171196
160	789	2638	4162764	2084020	0.14441365420818328
448	3936	3632	28591104	14299184	1.32642271677653
224	2203	1975	8701850	4352900	0.24346677313248316
64	2073	3185	13205010	6605690	0.18695488065481186
352	2746	2507	13768444	6886729	0.5492786156137784
64	2037	592	2411808	1206496	0.09450933386882146
128	1361	715	1946230	973830	0.1039690658201774
512	1824	1904	6945792	3474800	0.37073813408613204
288	2378	2185	10391860	5198115	0.41950506617625555
384	3852	2296	17688384	8846488	0.8114117336273193
384	1024	2835	5806080	2905875	0.2949416536092758
96	1535	2412	7404840	3704832	0.1551388808588187
512	2670	2802	14962680	7484142	0.8603312015533447
224	962	3373	6489652	3248199	0.24594762658079466
512	3743	4095	30655170	15331680	1.4797693840662638
224	2041	3383	13809406	6908086	0.41331424087285995
32	289	3773	2180794	1094170	0.0679320532331864
416	1214	901	2187628	1094715	0.15535125335057576
512	3364	3928	26427584	13217720	1.5608177026112875
448	1902	1643	6249972	3126629	0.32073141405979794
352	3946	2956	23328752	11667332	0.9508772261937459
288	3226	4056	26169312	13088712	0.9458499224980672
192	73	2943	429678	217782	0.06677407989899317
352	61	3535	431270	219170	0.06886922684808572
288	2281	2401	10953362	5479082	0.41096618662277856
96	2883	4002	23075532	11541768	0.3868344540397326
32	3182	3877	24673228	12340491	0.2123564794162909
384	2971	1407	8360394	4181604	0.31129301448663077
416	667	1332	1776888	889776	0.13842976028720538
288	2970	3524	20932560	10469804	0.7891627728939057
256	2590	2637	13659660	6832467	0.4179143461585045
512	918	4074	7479864	3744006	0.4115077328681946
448	2688	1292	6945792	3474188	0.35779797365268073
320	447	1221	1091574	547008	0.10433877348899841
416	489	2362	2310036	1157380	0.13685226639111836
384	3423	1662	11378052	5690688	0.5329463456074397
160	3228	1528	9864768	4933912	0.26413642595211667
64	1131	3632	8215584	4111424	0.11651626711090406
128	996	3448	6868416	3437656	0.15490613371133805
416	3823	2574	19680804	9842976	0.8872748816013336
320	716	3496	5006272	2506632	0.2331636276344458
64	3602	2487	17916348	8960661	0.2138329594830672
288	4070	3694	30069160	15038274	1.002659524877866
416	712	2249	3202576	1603537	0.17689365307490032
96	758	483	732228	366597	0.07654314691821734
384	3906	3592	28060704	14033944	1.127377707560857
448	2550	1637	8348700	4175987	0.4160623999436696
320	3239	2200	14251600	7128000	0.5463616013526916
512	2034	3746	15238728	7623110	0.7694554680585861
128	440	114	100320	50274	0.06748021336893241
384	1406	4068	11439216	5723676	0.5171717347701391
320	1892	86	325424	162798	0.08888042683402697
256	2366	2735	12942020	6473745	0.42083168009916944
480	2628	2090	10985040	5494610	0.5786029869318008
256	2933	3694	21669004	10838196	0.6106369058291118
288	1499	47	140906	70500	0.07734858761231105
32	2592	1024	5308416	2655232	0.0929494404544433
288	2089	1501	6271178	3137090	0.35920735865831377
448	1607	1437	4618518	2310696	0.30841397245724994
512	626	1076	1347152	674652	0.1561363201836745
224	3573	706	5045076	2523244	0.1992025602857272
448	49	3576	350448	178800	0.08020405267675718
160	461	1643	1514846	759066	0.09503093384206295
64	298	1915	1141340	572585	0.0757368536790212
416	2111	337	1422814	711744	0.1370291202267011
160	117	1966	460044	231988	0.0670754134406646
480	599	1667	1997066	1000200	0.14451893389225007
288	3388	3047	20646472	10326283	0.697903467019399
96	339	913	619014	310420	0.06641344005862872
32	2831	3823	21645826	10826736	0.18792800073822338
160	1419	3620	10273560	5140400	0.25906175971031187
288	3516	1169	8220408	4111373	0.3528381860256195
320	487	3829	3729446	1868552	0.19818783953785896
160	69	4094	564972	286580	0.06692565344274044
384	2896	1226	7100992	3551722	0.3022835195064545
512	1016	1442	2930144	1466514	0.22415456051627794
352	2571	1207	6206394	3104404	0.2799448532859484
192	763	1664	2539264	1271296	0.1250164267172416
32	407	678	551892	276624	0.07094752016166846
480	111	3926	871572	439712	0.09972981338699659
224	3154	3805	24001940	12004775	0.6799901874860128
32	2033	2043	8306838	4155462	0.09966261342167854
96	1130	3848	8696480	4352088	0.16710858603318532
352	986	4060	8006320	4007220	0.36302954574426016
320	3317	2709	17971506	8988462	0.6717105076710383
448	3172	3811	24176984	12092303	1.3579989326000215
32	963	717	1380942	691188	0.07561056037743887
192	3764	3763	28327864	14167695	0.6467333310842514
384	3193	858	5479188	2740452	0.24399808034300804
224	1846	2653	9794876	4900091	0.3015620271364848
96	2402	3783	18173532	9090549	0.2853123209873835
448	622	203	252532	126469	0.08014410590132078
128	3978	182	1447992	724178	0.09644085340201855
320	2520	311	1567440	784031	0.12599349305033683
128	3333	1901	12672066	6337934	0.23264021401604015
64	1850	2396	8865200	4434996	0.13830911993980408
448	1216	2131	5182592	2593427	0.24770965506633122
64	849	4035	6851430	3429750	0.10206250598033269
192	2924	3428	20046944	10026900	0.5470707209904989
128	2835	1328	7529760	3766208	0.1653002655506134
480	296	1604	949568	476388	0.09631157383322715
32	3478	229	1592924	796691	0.07630112059414387
64	3281	2731	17920822	8963142	0.2776633593440056
64	483	3714	3587724	1797576	0.07986079961061478
160	1844	4013	14799944	7403985	0.3819934935371081
288	3049	2531	15434038	7719550	0.5635480527083079
352	3053	1239	7565334	3783906	0.32866144061088565
32	3559	364	2590952	1295840	0.08615050641198953
320	1718	3041	10448876	5227479	0.557688852151235
256	3135	2767	17349090	8677312	0.5133085861802101
128	3232	1460	9437440	4720180	0.20925514583786328
448	3164	2078	13149584	6576870	0.690163733959198
128	101	2643	533886	269586	0.07126357386509577
384	884	783	1384344	692955	0.1092664531370004
384	2612	2952	15421248	7713576	0.6741810125112534
192	936	1919	3592368	1798103	0.1409676805138588
128	174	2463	857124	431025	0.0759584001203378
384	1055	1637	3454070	1728672	0.21580746665596962
160	62	745	92380	46935	0.06643349312245846
160	1271	3530	8973260	4490160	0.23366826732953389
256	1976	2137	8445424	4224849	0.3399217076102893
352	1753	2666	9346996	4676164	0.34233781228462856
384	817	3609	5897106	2952162	0.29663274784882865
352	1778	1330	4729480	2366070	0.20681503921747207
160	2914	2755	16056140	8030825	0.3818584531545639
288	469	2098	1967924	986060	0.11983786766727765
416	1365	630	1719900	860580	0.13006421332557996
352	2397	1125	5393250	2697750	0.25782410641511283
288	2697	4024	21705456	10856752	0.7734017066160838
32	2387	3967	18938458	9473196	0.17361023997267086
416	2527	2924	14777896	7391872	0.6987209590276082
480	913	918	1676268	839052	0.14348576083779335
128	3640	2895	21075600	10540695	0.3505274650454521
256	652	2373	3094392	1549569	0.1394764802356561
448	3335	2082	13886940	6945552	0.7210290135939916
352	3946	2344	18498848	9251768	0.7486577055851619
256	1786	2079	7426188	3715173	0.21567626615365346
224	738	3855	5689980	2848845	0.21711562653382618
128	2739	3290	18022620	9014600	0.33904725313186646
288	3716	3719	27639608	13823523	0.9791338674227397
128	3164	2942	18616976	9311430	0.3154868264993032
96	2023	867	3507882	1754808	0.10207594638069471
480	2251	809	3642118	1821868	0.2391149865090847
256	4016	2036	16353152	8178612	0.41671285380919776
384	3944	2848	22465024	11235360	0.921913813551267
512	1194	2629	6278052	3141655	0.43364928086598714
352	2514	3644	18322032	9164660	0.7496559989452362
32	3424	1577	10799296	5401225	0.12953023960192997
256	1984	1435	5694080	2848475	0.20871989250183107
256	2079	370	1538460	769600	0.11335946703950564
224	3065	1394	8545220	4274004	0.2340343470374743
320	3813	688	5246688	2624032	0.23016842777530352
320	1471	3411	10035162	5020992	0.375735572775205
320	3994	3740	29875120	14941300	1.0739741857846579
416	2290	2436	11156880	5580876	0.7451258687178294
288	1409	3576	10077168	5042160	0.3856963202357292
32	2607	722	3764508	1882976	0.09526176030437151
96	2151	3514	15117228	7562128	0.2591682136058807
448	1694	100	338800	169500	0.0954328536738952
288	1881	2199	8272638	4138518	0.33747434824705125
64	3465	2695	18676350	9340870	0.2903718397021294
160	1673	1296	4336416	2169504	0.13329248006145158
192	2116	3959	16754488	8381203	0.45532682627439497
384	2116	3980	16843360	8425660	0.7141260800758997
512	1561	2323	7252406	3628526	0.5370732772350312
32	2742	3370	18481080	9243910	0.16682069232066474
320	2944	1992	11728896	5866440	0.4594107738137245
480	2933	815	4780790	2391210	0.3560621862610181
32	2198	2317	10185532	5095083	0.1218598405768474
192	1896	957	3628944	1815429	0.13741898675759634
192	140	1635	457800	230535	0.06803264024357002
128	2208	2073	9154368	4579257	0.16977183952927588
448	677	3303	4472262	2239434	0.2437472002208233
160	3738	4002	29918952	14963478	0.7428249609470368
224	2206	1927	8501924	4252889	0.24087146669626236
256	1314	3752	9860256	4933880	0.31752234667539597
320	1539	445	1369710	685300	0.12064490700761477
512	3466	1496	10370272	5186632	0.6229572270313899
416	2601	2571	13374342	6689742	0.6272202650705974
224	78	3758	586248	296882	0.06801386669278145
320	1743	1723	6006378	3004912	0.2523742924630642
64	82	2556	419184	212148	0.06811168007552623
64	2549	2740	13968520	6987000	0.22706869319081308
512	2530	2105	10651300	5327755	0.5734394691387812
480	1839	2615	9617970	4811600	0.6290090658267339
256	2968	1112	6600832	3301528	0.2889191464583079
480	3883	3598	27942068	13974632	2.217702618042628
32	3155	1158	7306980	3654648	0.1045161597430706
448	1923	3156	12137976	6072144	0.6798981344699859
224	2407	2812	13536968	6771296	0.3887915720542272
96	2419	3500	16933000	8470000	0.28398080050945285
288	345	1735	1197150	600310	0.10232885353267193
384	3563	84	598584	299376	0.11944106712937355
256	756	642	970704	485994	0.09338944017887116
96	710	252	357840	179172	0.07641898716489474
160	2106	342	1440504	720594	0.08925461364289125
64	3663	737	5399262	2700368	0.1195826139797767
480	3309	2973	19675314	9840630	1.1201447490851084
256	2752	144	792576	396432	0.10532394669950008
32	2193	267	1171062	585798	0.07587413380543391
224	550	1500	1650000	826500	0.1002354134619236
480	1615	3866	12487180	6247456	0.6398074658711751
352	679	308	418264	209440	0.08611050647993883
224	3610	2046	14772120	7388106	0.36247242559989296
352	2427	739	3587106	1794292	0.2006907736758391
512	3809	2185	16645330	8324850	0.9477023998896281
288	1761	1513	5328786	2665906	0.32479466646909716
448	2401	901	4326602	2164202	0.2643746118247509
320	3393	2956	20059416	10032664	0.7162835200627645
320	2597	3580	18594520	9300840	0.7227489058176676
320	2198	4046	17786216	8897154	0.6901555188496907
480	1724	3501	12071448	6039225	0.6171545598904292
224	3003	2050	12312300	6158200	0.3144099204738935
64	3071	3862	23720404	11864064	0.3793564800421397
512	3420	1633	11169720	5586493	0.6682420245806376
416	3150	1541	9708300	4855691	0.4913003725806872
480	3424	2743	18784064	9394775	1.0307771746317547
352	2427	2280	11067120	5535840	0.44432682593663536
32	532	3162	3364368	1685346	0.0790210135281086
448	3219	1605	10332990	5168100	0.5128142937024435
192	600	4049	4858800	2433449	0.1621101859708627
320	2196	2748	12069216	6037356	0.41526986678441363
320	2151	2185	9399870	4702120	0.390511145790418
384	3476	2702	18784304	9394854	0.7561202112833659
288	149	2318	690764	347700	0.0786189866811037
320	1369	2279	6239902	3122230	0.26520341336727143
192	1626	3375	10975500	5491125	0.30769855986038847
448	514	3446	3542488	1774690	0.19972362652420997
128	3081	2442	15047604	7526244	0.2982976000507673
480	1521	2283	6944886	3474726	0.5149899749954542
32	953	3169	6040114	3023226	0.0994352006415526
288	1725	3563	12292350	6149738	0.4724218663573265
352	1793	3328	11934208	5970432	0.49402805397907895
448	69	617	85146	43190	0.06756245322525502
416	3463	3670	25418420	12712880	1.1489862362543741
512	2661	1941	10330002	5166942	0.5619185074170431
160	2569	2945	15131410	7568650	0.3497060267130534
128	1362	106	288744	144478	0.07567114708324274
160	2426	2119	10281388	5142813	0.2461443202694257
96	1055	832	1755520	878592	0.08219818656643231
32	1503	3399	10217394	5112096	0.12110176061590512
512	3221	133	856786	428526	0.13347669333219528
32	1326	495	1312740	656865	0.07601439997553826
192	1972	2978	11745232	5875594	0.3254058661063512
384	824	3386	5580128	2793450	0.28027775992949805
256	853	2422	4131932	2068388	0.16477941284577052
416	2438	2978	14520728	7263342	0.827436479528745
32	2688	3018	16224768	8115402	0.1593496523797512
64	225	1660	747000	375160	0.07567978714903195
160	1170	394	921960	461374	0.08303701291481654
384	220	3808	1675520	841568	0.11530656044681867
512	1776	337	1197024	598849	0.1296436264117559
384	2837	3015	17107110	8556570	0.7358096005519231
64	3180	2521	16033560	8019301	0.19503136098384857
384	864	511	883008	442015	0.09606837404270967
256	1247	4088	10195472	5101824	0.35570986618598305
192	142	2424	688416	346632	0.07728458650410175
160	3613	3020	21822520	10914280	0.4709358939528465
256	212	2549	1080776	542937	0.08880032002925872
192	1527	1643	5017722	2510504	0.15874815881252288
320	1691	3932	13298024	6652944	0.5141188261906305
384	2316	3237	14993784	7500129	0.621264961163203
512	485	1965	1906050	954990	0.14647989451885224
320	427	2493	2129022	1067004	0.12116853388647239
448	399	498	397404	199200	0.08075157297154267
288	3665	3861	28301130	14154426	1.0093290674686433
512	3611	1349	9742478	4872588	0.4857247997323672
128	308	3284	2022944	1014756	0.09165578695635
512	3723	3489	25979094	12993036	1.4903847479820251
192	3112	1400	8713600	4358200	0.20680565223097802
384	3956	1930	15270160	7637010	0.6250197347005209
448	3140	731	4590680	2296071	0.3741029328107834
128	1108	3490	7733840	3870410	0.1661318398018678
416	3329	3470	23103260	11555100	1.0981332290172576
224	2706	3667	19845804	9926569	0.5745091199874878
352	2275	523	2379650	1190348	0.16079391941428184
512	3888	445	3460320	1730605	0.24168192024032276
288	3599	152	1094096	547200	0.12215936032434305
352	2948	1450	8549200	4276050	0.4962479986747106
96	548	805	882280	441945	0.07675541410843531
192	3258	3587	23372892	11690033	0.6168268803755442
448	813	3117	5068242	2537238	0.28070325235525767
480	3713	658	4886308	2443812	0.42345813314119973
352	560	1563	1750560	876843	0.14078485394517581
352	3690	3398	25077240	12542018	0.9898705063263575
288	1697	718	2436892	1219164	0.14145290732383728
352	1109	1366	3029788	1516260	0.1497652280330658
160	1244	1854	4612752	2308230	0.14439253424604734
320	183	2591	948306	476744	0.09211477366586526
320	1717	4063	13952342	6980234	0.5649778123696645
192	2735	3533	19325510	9666288	0.47327018797397613
224	3335	2996	19983320	9994656	0.5362829868992169
416	1986	2175	8639100	4321725	0.38303530782461165
320	3540	3588	25403040	12705108	0.908442240357399
64	1531	172	526664	263504	0.07920853368937969
288	485	1533	1487010	745038	0.13199295982718467
64	1204	574	1382192	691670	0.0782651740560929
384	301	2067	1244334	624234	0.09901834731300672
224	3108	3760	23372160	11689840	0.6620510929822921
224	1157	2831	6550934	3278298	0.2161228797833125
256	1085	826	1792420	897036	0.10915839987496535
160	3468	3036	21057696	10531884	0.4515392006436984
384	1843	97	357542	178868	0.0988552538305521
448	1325	2275	6028750	3016650	0.44373770743608476
448	2445	2994	14640660	7323324	0.7221011209487915
352	1519	3343	10156034	5081360	0.4624322134256363
320	1162	459	1066716	533817	0.10766698660949867
192	2020	2597	10491880	5248537	0.24882314786314963
192	2359	1564	7378952	3691040	0.21724853302041688
384	349	2872	2004656	1005200	0.1428354140619437
448	1360	3261	8869920	4438221	0.4532603738705317
352	1658	1725	5720100	2861775	0.2530076796809832
416	1830	376	1376160	688456	0.13238858699798584
256	855	867	1482570	742152	0.09463157385587692
128	3286	665	4370380	2185855	0.16181770558158556
160	3823	683	5222218	2611792	0.16754143943389257
512	3124	903	5641944	2821875	0.38151605437199276
160	1406	3070	8632840	4319490	0.24188234701752662
256	3772	1886	14227984	7115878	0.41096970717112224
320	513	1256	1288656	645584	0.10725877307355404
192	1738	1633	5676308	2839787	0.17395178665717442
32	3895	1387	10804730	5403752	0.12735573269426823
352	699	308	430584	215600	0.08532245320578416
384	2241	2428	10882296	5443576	0.43087989211082456
160	2606	2709	14119308	7062363	0.3452153601249059
352	1166	885	2063820	1032795	0.12886208007733027
32	3730	2862	21350520	10678122	0.1981517873207728
416	531	1783	1893546	948556	0.13486368025342624
512	3309	1196	7915128	3958760	0.4351118928194046
160	824	2165	3567920	1786125	0.14766272058089575
384	2678	2951	15805556	7905729	0.6959877330064773
224	3316	3019	20022008	10014023	0.5296259219447772
416	3921	282	2211444	1106004	0.1756846934556961
480	2359	888	4189584	2095680	0.2571854921181997
64	1275	3539	9024450	4515764	0.12756383950511616
448	2856	464	2650368	1325648	0.1815250137448311
288	2825	894	5051100	2526444	0.21334805284937222
384	893	3676	6565336	3286344	0.319794453283151
352	3698	3408	25205568	12606192	0.9914985607067744
64	2296	3790	17403680	8705630	0.18231797377268474
32	3245	1980	12850200	6427080	0.13420021310448646
128	2920	2320	13548800	6776720	0.23661728098988533
288	3644	4006	29195728	14601870	1.0231777075926463
192	858	82	140712	70438	0.07559050674239795
192	906	910	1648920	825370	0.10372970588505268
224	80	303	48480	24543	0.06754368017117182
160	3429	3609	24750522	12378870	0.6378258113066355
288	2098	1224	5135904	2569176	0.23079690699776015
512	1396	3499	9769208	4888103	0.5121715193986893
480	1000	370	740000	370370	0.10556074639161428
480	2211	3713	16418886	8213156	0.8498216527700424
512	2117	3964	16783576	8395752	0.8377194658915201
352	1711	2127	7278594	3641424	0.32571210553248725
128	122	1761	429684	216603	0.07250719999273618
64	2653	461	2446066	1223494	0.08673685319721698
192	2491	2029	10108478	5056268	0.24618314643700917
320	1399	3560	9960880	4984000	0.3986327458421389
256	370	673	498020	249683	0.07572597414255142
480	386	2414	1863608	934218	0.1517668278515339
416	3507	1057	7413798	3707956	0.5729643692572911
160	2492	2317	11547928	5776281	0.3191316265861193
128	1733	2571	8911086	4458114	0.1982250667611758
448	2548	2195	11185720	5595055	0.5779093315203985
448	1569	3457	10848066	5427490	0.5529276810089747
224	545	2564	2794760	1399944	0.13123775941630206
352	1711	952	3257744	1629824	0.22564725334445634
96	152	572	173888	87516	0.06719136024514834
192	2137	2227	9518198	4761326	0.26679242620865506
416	3409	302	2059036	1029820	0.1596328517794609
